SegmentID,X1,Y1,X2,Y2,X3,Y3,MinSpeed1,MaxSpeed1,MinSpeed2,MaxSpeed2,MinSpeed3,MaxSpeed3
1,109.106307302,11.8098651273,109.106231187,11.8099177361,109.106269245,11.8098914317,0,70,0,70,0,70
2,109.105962643,11.8095347676,109.106034557,11.8094757935,109.1059986,11.8095052805,0,70,0,70,0,70
3,109.106220083,11.8097348552,109.106144732,11.809787302,109.106182408,11.8097610786,0,70,0,70,0,70
3,109.106220083,11.8097348552,0,0,0,0,0,70,0,0,0,0
1,0,0,109.106307302,11.8098651273,0,0,0,0,0,70,0,0
4,0,0,0,0,109.106263692,11.8097999913,0,0,0,0,0,70
2,109.106034557,11.8094757935,0,0,0,0,0,70,0,0,0,0
3,0,0,109.106220083,11.8097348552,0,0,0,0,0,70,0,0
5,0,0,0,0,109.10612732,11.8096053243,0,0,0,0,0,70
1,109.106231187,11.8099177361,0,0,0,0,0,70,0,0,0,0
3,0,0,109.106144732,11.809787302,0,0,0,0,0,70,0,0
6,0,0,0,0,109.10618796,11.809852519,0,0,0,0,0,70
3,109.106144732,11.809787302,0,0,0,0,0,70,0,0,0,0
2,0,0,109.105962643,11.8095347676,0,0,0,0,0,70,0,0
7,0,0,0,0,109.106053688,11.8096610348,0,0,0,0,0,70
8,109.109214213,11.8188242776,109.109711967,11.8232255391,109.109585194,11.8210094141,0,70,0,70,0,70
8,109.108936225,11.8173784992,109.109214213,11.8188242776,0,0,0,70,0,70,0,0
9,0,0,0,0,109.108998169,11.8181146425,0,0,0,0,0,70
9,109.108942214,11.8171721405,109.108936225,11.8173784992,0,0,0,70,0,70,0,0
10,0,0,0,0,109.10893922,11.8172753198,0,0,0,0,0,70
10,109.108941603,11.8169672479,109.108942214,11.8171721405,0,0,0,70,0,70,0,0
11,0,0,0,0,109.108941909,11.8170696942,0,0,0,0,0,70
11,109.108753452,11.815896857,109.108941603,11.8169672479,0,0,0,70,0,70,0,0
12,0,0,0,0,109.108912536,11.8164198414,0,0,0,0,0,70
13,109.109624503,11.8232312428,109.109346294,11.8197421316,109.10953038,11.8214824945,0,70,0,70,0,70
13,109.109346294,11.8197421316,0,0,0,0,0,70,0,0,0,0
14,0,0,109.109024647,11.8184860713,109.109210191,11.8191077551,0,0,0,70,0,70
14,109.109024647,11.8184860713,0,0,0,0,0,70,0,0,0,0
15,0,0,109.108952288,11.8182522979,109.108988468,11.8183691846,0,0,0,70,0,70
15,109.108952288,11.8182522979,0,0,0,0,0,70,0,0,0,0
16,0,0,109.108857145,11.8171657675,109.108852815,11.8177141466,0,0,0,70,0,70
16,109.108857145,11.8171657675,0,0,0,0,0,70,0,0,0,0
17,0,0,109.108857145,11.8168683939,109.108857145,11.8170170807,0,0,0,70,0,70
17,109.108857145,11.8168683939,0,0,0,0,0,70,0,0,0,0
18,0,0,109.108791104,11.8162341385,109.108835771,11.8165497755,0,0,0,70,0,70
18,109.108791104,11.8162341385,0,0,0,0,0,70,0,0,0,0
19,0,0,109.108662014,11.815920871,109.108730329,11.8160759307,0,0,0,70,0,70
16,109.108857145,11.8171657675,0,0,0,0,0,70,0,0,0,0
10,0,0,109.108942214,11.8171721405,0,0,0,0,0,70,0,0
20,0,0,0,0,109.10889968,11.817168954,0,0,0,0,0,70
13,109.109624503,11.8232312428,0,0,0,0,0,70,0,0,0,0
8,0,0,109.109711967,11.8232255391,0,0,0,0,0,70,0,0
21,0,0,0,0,109.109668235,11.823228391,0,0,0,0,0,70
22,109.10971893,11.8233541397,109.109630556,11.8233590251,109.109674743,11.8233565824,0,70,0,70,0,70
8,109.109711967,11.8232255391,0,0,0,0,0,70,0,0,0,0
22,0,0,109.10971893,11.8233541397,0,0,0,0,0,70,0,0
23,0,0,0,0,109.109715533,11.8232898346,0,0,0,0,0,70
22,109.109630556,11.8233590251,0,0,0,0,0,70,0,0,0,0
13,0,0,109.109624503,11.8232312428,0,0,0,0,0,70,0,0
24,0,0,0,0,109.109627529,11.823295134,0,0,0,0,0,70
25,109.105404886,11.8606585934,109.105320029,11.8606462954,109.105362457,11.8606524444,0,70,0,70,0,70
22,109.10971893,11.8233541397,0,0,0,0,0,70,0,0,0,0
26,0,0,109.109745896,11.8238646391,109.109732413,11.8236093894,0,0,0,70,0,70
27,109.110220389,11.8272491629,109.109828495,11.8249499715,109.110031532,11.8260984354,0,70,0,70,0,70
27,109.109828495,11.8249499715,0,0,0,0,0,70,0,0,0,0
28,0,0,109.109635434,11.8234907169,109.109719554,11.8242214926,0,0,0,70,0,70
28,109.109635434,11.8234907169,0,0,0,0,0,70,0,0,0,0
22,0,0,109.109630556,11.8233590251,0,0,0,0,0,70,0,0
29,0,0,0,0,109.109632995,11.823424871,0,0,0,0,0,70
26,109.109745896,11.8238646391,0,0,0,0,0,70,0,0,0,0
30,0,0,109.11030037,11.8272354698,109.110012101,11.8255517266,0,0,0,70,0,70
27,109.110220389,11.8272491629,0,0,0,0,0,70,0,0,0,0
30,0,0,109.11030037,11.8272354698,0,0,0,0,0,70,0,0
31,0,0,0,0,109.110260379,11.8272423163,0,0,0,0,0,70
32,109.110335196,11.8274587705,109.110257775,11.8274729052,109.110296486,11.8274658379,0,70,0,70,0,70
32,109.110257775,11.8274729052,0,0,0,0,0,70,0,0,0,0
27,0,0,109.110220389,11.8272491629,0,0,0,0,0,70,0,0
33,0,0,0,0,109.110239082,11.827361034,0,0,0,0,0,70
30,109.11030037,11.8272354698,0,0,0,0,0,70,0,0,0,0
32,0,0,109.110335196,11.8274587705,0,0,0,0,0,70,0,0
34,0,0,0,0,109.110317783,11.8273471202,0,0,0,0,0,70
35,109.110764376,11.8325280307,109.110850424,11.832531811,109.1108074,11.8325299209,0,70,0,70,0,70
36,109.110855961,11.8326091565,109.110772912,11.8326133865,109.110814436,11.8326112715,0,70,0,70,0,70
37,109.110845106,11.832457523,109.110760824,11.8324620776,109.110802965,11.8324598003,0,70,0,70,0,70
32,109.110335196,11.8274587705,0,0,0,0,0,70,0,0,0,0
37,0,0,109.110845106,11.832457523,0,0,0,0,0,70,0,0
38,0,0,0,0,109.110631425,11.8299536916,0,0,0,0,0,70
37,109.110760824,11.8324620776,0,0,0,0,0,70,0,0,0,0
39,0,0,109.110662303,11.8313105237,109.110723562,11.8318853388,0,0,0,70,0,70
39,109.110662303,11.8313105237,0,0,0,0,0,70,0,0,0,0
32,0,0,109.110257775,11.8274729052,0,0,0,0,0,70,0,0
40,0,0,0,0,109.110499833,11.8293872998,0,0,0,0,0,70
35,109.110850424,11.832531811,0,0,0,0,0,70,0,0,0,0
36,0,0,109.110855961,11.8326091565,0,0,0,0,0,70,0,0
41,0,0,0,0,109.110853192,11.8325704837,0,0,0,0,0,70
37,109.110845106,11.832457523,0,0,0,0,0,70,0,0,0,0
35,0,0,109.110850424,11.832531811,0,0,0,0,0,70,0,0
42,0,0,0,0,109.110847765,11.832494667,0,0,0,0,0,70
36,109.110772912,11.8326133865,0,0,0,0,0,70,0,0,0,0
35,0,0,109.110764376,11.8325280307,0,0,0,0,0,70,0,0
43,0,0,0,0,109.110768644,11.8325707086,0,0,0,0,0,70
35,109.110764376,11.8325280307,0,0,0,0,0,70,0,0,0,0
37,0,0,109.110760824,11.8324620776,0,0,0,0,0,70,0,0
44,0,0,0,0,109.1107626,11.8324950542,0,0,0,0,0,70
45,109.10961266,11.839131618,109.109692484,11.8391102327,109.109652572,11.8391209254,0,70,0,70,0,70
46,109.109661536,11.8389885585,109.109581521,11.8390104126,109.109621529,11.8389994855,0,70,0,70,0,70
46,109.109581521,11.8390104126,0,0,0,0,0,70,0,0,0,0
47,0,0,109.110247858,11.835795623,109.109418148,11.8373050832,0,0,0,70,0,70
47,109.110247858,11.835795623,0,0,0,0,0,70,0,0,0,0
36,0,0,109.110772912,11.8326133865,0,0,0,0,0,70,0,0
48,0,0,0,0,109.110844126,11.834267535,0,0,0,0,0,70
46,109.109449904,11.8378049836,109.109661536,11.8389885585,0,0,0,70,0,70,0,0
49,0,0,0,0,109.109522097,11.8384020276,0,0,0,0,0,70
36,109.110855961,11.8326091565,0,0,0,0,0,70,0,0,0,0
49,0,0,109.109449904,11.8378049836,0,0,0,0,0,70,0,0
50,0,0,0,0,109.110610655,11.8353295491,0,0,0,0,0,70
45,109.10961266,11.839131618,0,0,0,0,0,70,0,0,0,0
46,0,0,109.109581521,11.8390104126,0,0,0,0,0,70,0,0
51,0,0,0,0,109.109596762,11.8390711025,0,0,0,0,0,70
46,109.109661536,11.8389885585,0,0,0,0,0,70,0,0,0,0
45,0,0,109.109692484,11.8391102327,0,0,0,0,0,70,0,0
52,0,0,0,0,109.10967701,11.8390493956,0,0,0,0,0,70
53,109.109060067,11.8458445948,109.109135188,11.8458720506,109.109097628,11.8458583227,0,70,0,70,0,70
54,109.109187111,11.8457454201,109.109111197,11.8457157283,109.109149154,11.8457305742,0,70,0,70,0,70
25,109.105665265,11.8578395738,109.105404886,11.8606585934,0,0,0,70,0,70,0,0
55,0,0,0,0,109.105590764,11.8592537261,0,0,0,0,0,70
55,109.105761529,11.8536905175,109.105665265,11.8578395738,0,0,0,70,0,70,0,0
56,0,0,0,0,109.105728996,11.855765572,0,0,0,0,0,70
56,109.105927553,11.8517302081,109.105761529,11.8536905175,0,0,0,70,0,70,0,0
57,0,0,0,0,109.105770808,11.8527026527,0,0,0,0,0,70
57,109.106388839,11.850843828,109.105927553,11.8517302081,0,0,0,70,0,70,0,0
58,0,0,0,0,109.106145056,11.8512802496,0,0,0,0,0,70
58,109.106707587,11.8503133576,109.106388839,11.850843828,0,0,0,70,0,70,0,0
59,0,0,0,0,109.106547441,11.8505781247,0,0,0,0,0,70
59,109.107342788,11.8492934776,109.106707587,11.8503133576,0,0,0,70,0,70,0,0
60,0,0,0,0,109.107022191,11.849801529,0,0,0,0,0,70
60,109.107796437,11.8485475251,109.107342788,11.8492934776,0,0,0,70,0,70,0,0
61,0,0,0,0,109.107569206,11.848920263,0,0,0,0,0,70
61,109.108593536,11.847104358,109.107796437,11.8485475251,0,0,0,70,0,70,0,0
62,0,0,0,0,109.108224629,11.8478422045,0,0,0,0,0,70
53,109.109135188,11.8458720506,0,0,0,0,0,70,0,0,0,0
62,0,0,109.108593536,11.847104358,0,0,0,0,0,70,0,0
63,0,0,0,0,109.108873251,11.8464921293,0,0,0,0,0,70
54,109.110094133,11.8435864385,109.109187111,11.8457454201,0,0,0,70,0,70,0,0
64,0,0,0,0,109.109638274,11.844664923,0,0,0,0,0,70
64,109.110113972,11.8407122358,109.110094133,11.8435864385,0,0,0,70,0,70,0,0
65,0,0,0,0,109.110361,11.8421526582,0,0,0,0,0,70
65,109.110070766,11.8405451304,109.110113972,11.8407122358,0,0,0,70,0,70,0,0
66,0,0,0,0,109.110092369,11.8406286831,0,0,0,0,0,70
45,109.109692484,11.8391102327,0,0,0,0,0,70,0,0,0,0
66,0,0,109.110070766,11.8405451304,0,0,0,0,0,70,0,0
67,0,0,0,0,109.10988329,11.83982725,0,0,0,0,0,70
54,109.109111197,11.8457157283,0,0,0,0,0,70,0,0,0,0
45,0,0,109.10961266,11.839131618,0,0,0,0,0,70,0,0
68,0,0,0,0,109.11026824,11.8424906893,0,0,0,0,0,70
25,109.105320029,11.8606462954,0,0,0,0,0,70,0,0,0,0
69,0,0,109.105792274,11.8518937722,109.105638585,11.856274292,0,0,0,70,0,70
69,109.105792274,11.8518937722,0,0,0,0,0,70,0,0,0,0
70,0,0,109.108289889,11.8475550426,109.106994438,11.8497007585,0,0,0,70,0,70
70,109.108289889,11.8475550426,0,0,0,0,0,70,0,0,0,0
53,0,0,109.109060067,11.8458445948,0,0,0,0,0,70,0,0
71,0,0,0,0,109.108694375,11.8467085624,0,0,0,0,0,70
54,109.109187111,11.8457454201,0,0,0,0,0,70,0,0,0,0
53,0,0,109.109135188,11.8458720506,0,0,0,0,0,70,0,0
72,0,0,0,0,109.10916115,11.8458087354,0,0,0,0,0,70
53,109.109060067,11.8458445948,0,0,0,0,0,70,0,0,0,0
54,0,0,109.109111197,11.8457157283,0,0,0,0,0,70,0,0
73,0,0,0,0,109.109085632,11.8457801615,0,0,0,0,0,70
90,109.110044288,11.8770469174,109.110121824,11.8770143526,109.110083056,11.877030635,0,70,0,70,0,70
91,109.110342024,11.8776284315,109.110732755,11.8787831969,109.110537389,11.8782058142,0,70,0,70,0,70
91,109.110276469,11.877445618,109.110342024,11.8776284315,0,0,0,70,0,70,0,0
92,0,0,0,0,109.110309246,11.8775370247,0,0,0,0,0,70
90,109.110121824,11.8770143526,0,0,0,0,0,70,0,0,0,0
92,0,0,109.110276469,11.877445618,0,0,0,0,0,70,0,0
93,0,0,0,0,109.110199146,11.8772299853,0,0,0,0,0,70
91,109.110636867,11.8788177968,109.110732755,11.8787831969,0,0,0,70,0,70,0,0
95,0,0,0,0,109.110684811,11.8788004969,0,0,0,0,0,70
91,109.110732755,11.8787831969,0,0,0,0,0,70,0,0,0,0
96,0,0,109.110759163,11.8788612414,109.110745959,11.8788222191,0,0,0,70,0,70
95,109.11066457,11.8788984583,109.110636867,11.8788177968,0,0,0,70,0,70,0,0
97,0,0,0,0,109.110650718,11.8788581276,0,0,0,0,0,70
98,109.106608707,11.8679468998,109.106680844,11.867915526,109.106644775,11.8679312129,0,70,0,70,0,70
99,109.106724423,11.8680092153,109.106652473,11.8680419489,109.106688448,11.8680255821,0,70,0,70,0,70
98,109.105398378,11.8644846623,109.106680844,11.867915526,0,0,0,70,0,70,0,0
100,0,0,0,0,109.105906613,11.8662467197,0,0,0,0,0,70
25,109.105404886,11.8606585934,0,0,0,0,0,70,0,0,0,0
100,0,0,109.105398378,11.8644846623,0,0,0,0,0,70,0,0
101,0,0,0,0,109.105283895,11.8625701135,0,0,0,0,0,70
90,109.109877536,11.8763018482,109.110121824,11.8770143526,0,0,0,70,0,70,0,0
102,0,0,0,0,109.10999968,11.8766581004,0,0,0,0,0,70
102,109.109591238,11.8754849427,109.109877536,11.8763018482,0,0,0,70,0,70,0,0
103,0,0,0,0,109.109737162,11.8758924221,0,0,0,0,0,70
104,109.109237922,11.8744355315,109.109468977,11.8751442033,109.109356519,11.8747888774,0,70,0,70,0,70
105,109.106773216,11.8681141119,109.108089082,11.8711500959,109.107484839,11.8696091664,0,70,0,70,0,70
99,109.106724423,11.8680092153,0,0,0,0,0,70,0,0,0,0
105,0,0,109.106773216,11.8681141119,0,0,0,0,0,70,0,0
106,0,0,0,0,109.106748819,11.8680616636,0,0,0,0,0,70
95,109.110636867,11.8788177968,0,0,0,0,0,70,0,0,0,0
107,0,0,109.110331169,11.8779277174,109.110484018,11.8783727571,0,0,0,70,0,70
107,109.110331169,11.8779277174,0,0,0,0,0,70,0,0,0,0
108,0,0,109.110214866,11.8775772583,109.110273017,11.8777524879,0,0,0,70,0,70
108,109.110214866,11.8775772583,0,0,0,0,0,70,0,0,0,0
90,0,0,109.110044288,11.8770469174,0,0,0,0,0,70,0,0
109,0,0,0,0,109.110129577,11.8773120879,0,0,0,0,0,70
90,109.110044288,11.8770469174,0,0,0,0,0,70,0,0,0,0
110,0,0,109.10976206,11.8762110878,109.109903174,11.8766290026,0,0,0,70,0,70
110,109.10976206,11.8762110878,0,0,0,0,0,70,0,0,0,0
111,0,0,109.109328979,11.8749614844,109.109542488,11.875587271,0,0,0,70,0,70
111,109.109328979,11.8749614844,0,0,0,0,0,70,0,0,0,0
112,0,0,109.109256531,11.8747239625,109.109292755,11.8748427234,0,0,0,70,0,70
113,109.108887492,11.8737289311,109.108004223,11.8711787436,109.108418026,11.8724634412,0,70,0,70,0,70
99,109.107647611,11.8701884267,109.106652473,11.8680419489,0,0,0,70,0,70,0,0
114,0,0,0,0,109.107164603,11.8691085716,0,0,0,0,0,70
98,109.106608707,11.8679468998,0,0,0,0,0,70,0,0,0,0
25,0,0,109.105320029,11.8606462954,0,0,0,0,0,70,0,0
115,0,0,0,0,109.105310209,11.8644166,0,0,0,0,0,70
98,109.106680844,11.867915526,0,0,0,0,0,70,0,0,0,0
99,0,0,109.106724423,11.8680092153,0,0,0,0,0,70,0,0
116,0,0,0,0,109.106702634,11.8679623707,0,0,0,0,0,70
99,109.106652473,11.8680419489,0,0,0,0,0,70,0,0,0,0
98,0,0,109.106608707,11.8679468998,0,0,0,0,0,70,0,0
117,0,0,0,0,109.106630527,11.8679944534,0,0,0,0,0,70
697,109.108396701,11.8153506739,109.10709979,11.8113225004,109.108024545,11.813246329,0,70,0,70,0,70
697,109.10709979,11.8113225004,0,0,0,0,0,70,0,0,0,0
1,0,0,109.106231187,11.8099177361,0,0,0,0,0,70,0,0
698,0,0,0,0,109.106671893,11.81061613,0,0,0,0,0,70
699,109.108347848,11.8149088469,109.108486694,11.8153258881,109.108407606,11.8151206215,0,70,0,70,0,70
1,109.106307302,11.8098651273,0,0,0,0,0,70,0,0,0,0
699,0,0,109.108347848,11.8149088469,0,0,0,0,0,70,0,0
700,0,0,0,0,109.10771176,11.812242645,0,0,0,0,0,70
768,109.074687214,12.2105737177,109.074758033,12.2105381765,109.074722624,12.2105559471,0,70,0,70,0,70
769,109.074597463,12.2104191839,109.074667589,12.210375752,109.074632526,12.210397468,0,70,0,70,0,70
770,109.074644225,12.2104996986,109.074712834,12.2104564795,109.074678529,12.2104780891,0,70,0,70,0,70
769,109.074597463,12.2104191839,0,0,0,0,0,70,0,0,0,0
771,0,0,109.074447008,12.2101541582,109.074520931,12.2102874108,0,0,0,70,0,70
771,109.074447008,12.2101541582,0,0,0,0,0,70,0,0,0,0
772,0,0,109.074152795,12.2096228727,109.074299901,12.2098885154,0,0,0,70,0,70
772,109.074152795,12.2096228727,0,0,0,0,0,70,0,0,0,0
773,0,0,109.073904384,12.2092152075,109.074030075,12.2094181696,0,0,0,70,0,70
769,109.073038575,12.2074429561,109.074667589,12.210375752,0,0,0,70,0,70,0,0
774,0,0,0,0,109.073837965,12.2089172197,0,0,0,0,0,70
770,109.074712834,12.2104564795,0,0,0,0,0,70,0,0,0,0
768,0,0,109.074758033,12.2105381765,0,0,0,0,0,70,0,0
775,0,0,0,0,109.074735433,12.210497328,0,0,0,0,0,70
769,109.074667589,12.210375752,0,0,0,0,0,70,0,0,0,0
770,0,0,109.074712834,12.2104564795,0,0,0,0,0,70,0,0
776,0,0,0,0,109.074690433,12.2104159911,0,0,0,0,0,70
768,109.074687214,12.2105737177,0,0,0,0,0,70,0,0,0,0
770,0,0,109.074644225,12.2104996986,0,0,0,0,0,70,0,0
777,0,0,0,0,109.07466572,12.2105367082,0,0,0,0,0,70
770,109.074644225,12.2104996986,0,0,0,0,0,70,0,0,0,0
769,0,0,109.074597463,12.2104191839,0,0,0,0,0,70,0,0
778,0,0,0,0,109.074620844,12.2104594413,0,0,0,0,0,70
779,109.077575066,12.2151779783,109.077639701,12.2151325749,109.077607384,12.2151552766,0,70,0,70,0,70
780,109.077479699,12.2150443722,109.077541867,12.2149983588,109.077510783,12.2150213655,0,70,0,70,0,70
781,109.07753735,12.215125139,109.077599532,12.2150774672,109.077568441,12.2151013031,0,70,0,70,0,70
780,109.077479699,12.2150443722,0,0,0,0,0,70,0,0,0,0
782,0,0,109.07626317,12.2133417741,109.076866399,12.2141966418,0,0,0,70,0,70
782,109.07626317,12.2133417741,0,0,0,0,0,70,0,0,0,0
783,0,0,109.07589942,12.2127408768,109.076074758,12.213045303,0,0,0,70,0,70
783,109.07589942,12.2127408768,0,0,0,0,0,70,0,0,0,0
784,0,0,109.075473442,12.2119956253,109.075685204,12.2123689516,0,0,0,70,0,70
784,109.075473442,12.2119956253,0,0,0,0,0,70,0,0,0,0
785,0,0,109.075220067,12.2115428892,109.075345547,12.2117699292,0,0,0,70,0,70
785,109.075220067,12.2115428892,0,0,0,0,0,70,0,0,0,0
786,0,0,109.075163692,12.21143978,109.07519188,12.2114913346,0,0,0,70,0,70
786,109.075163692,12.21143978,0,0,0,0,0,70,0,0,0,0
787,0,0,109.074930814,12.2110138485,109.075047253,12.2112268142,0,0,0,70,0,70
787,109.074930814,12.2110138485,0,0,0,0,0,70,0,0,0,0
768,0,0,109.074687214,12.2105737177,0,0,0,0,0,70,0,0
788,0,0,0,0,109.074810144,12.210793146,0,0,0,0,0,70
768,109.074758033,12.2105381765,0,0,0,0,0,70,0,0,0,0
780,0,0,109.077541867,12.2149983588,0,0,0,0,0,70,0,0
789,0,0,0,0,109.076040885,12.2128371242,0,0,0,0,0,70
781,109.077599532,12.2150774672,0,0,0,0,0,70,0,0,0,0
779,0,0,109.077639701,12.2151325749,0,0,0,0,0,70,0,0
790,0,0,0,0,109.077619616,12.215105021,0,0,0,0,0,70
780,109.077541867,12.2149983588,0,0,0,0,0,70,0,0,0,0
781,0,0,109.077599532,12.2150774672,0,0,0,0,0,70,0,0
791,0,0,0,0,109.0775707,12.215037913,0,0,0,0,0,70
779,109.077575066,12.2151779783,0,0,0,0,0,70,0,0,0,0
781,0,0,109.07753735,12.215125139,0,0,0,0,0,70,0,0
792,0,0,0,0,109.077556208,12.2151515587,0,0,0,0,0,70
781,109.07753735,12.215125139,0,0,0,0,0,70,0,0,0,0
780,0,0,109.077479699,12.2150443722,0,0,0,0,0,70,0,0
793,0,0,0,0,109.077508525,12.2150847556,0,0,0,0,0,70
794,109.082265768,12.2199103885,109.082319115,12.2198678208,109.082292441,12.2198891046,0,70,0,70,0,70
795,109.082129531,12.219735042,109.082177011,12.2196900224,109.082153271,12.2197125322,0,70,0,70,0,70
796,109.082172864,12.2197887685,109.082222158,12.2197465094,109.082197511,12.219767639,0,70,0,70,0,70
797,109.082268794,12.2198048605,109.08221721,12.2198468225,109.082243002,12.2198258415,0,70,0,70,0,70
795,109.082129531,12.219735042,0,0,0,0,0,70,0,0,0,0
798,0,0,109.082018467,12.2196033152,109.082073999,12.2196691786,0,0,0,70,0,70
798,109.082018467,12.2196033152,0,0,0,0,0,70,0,0,0,0
799,0,0,109.081928724,12.2195078718,109.081974603,12.2195546775,0,0,0,70,0,70
799,109.081928724,12.2195078718,0,0,0,0,0,70,0,0,0,0
800,0,0,109.081607028,12.2192032374,109.081771318,12.2193519734,0,0,0,70,0,70
800,109.081607028,12.2192032374,0,0,0,0,0,70,0,0,0,0
801,0,0,109.080746114,12.218480423,109.081178598,12.218839492,0,0,0,70,0,70
801,109.080746114,12.218480423,0,0,0,0,0,70,0,0,0,0
802,0,0,109.079942419,12.2178036811,109.080341916,12.2181448391,0,0,0,70,0,70
802,109.079942419,12.2178036811,0,0,0,0,0,70,0,0,0,0
803,0,0,109.078936566,12.2169210423,109.079434177,12.2173683471,0,0,0,70,0,70
803,109.078936566,12.2169210423,0,0,0,0,0,70,0,0,0,0
804,0,0,109.0787981,12.2167871014,109.078866505,12.2168549007,0,0,0,70,0,70
804,109.0787981,12.2167871014,0,0,0,0,0,70,0,0,0,0
779,0,0,109.077575066,12.2151779783,0,0,0,0,0,70,0,0
805,0,0,0,0,109.078172358,12.2159939825,0,0,0,0,0,70
795,109.081545823,12.2190548408,109.082177011,12.2196900224,0,0,0,70,0,70,0,0
806,0,0,0,0,109.081880652,12.219353638,0,0,0,0,0,70
806,109.080976052,12.2185718617,109.081545823,12.2190548408,0,0,0,70,0,70,0,0
807,0,0,0,0,109.081261025,12.2188132479,0,0,0,0,0,70
807,109.079842491,12.2176124554,109.080976052,12.2185718617,0,0,0,70,0,70,0,0
808,0,0,0,0,109.080409272,12.2180921586,0,0,0,0,0,70
808,109.077704476,12.215221438,109.079842491,12.2176124554,0,0,0,70,0,70,0,0
809,0,0,0,0,109.078664913,12.2165157274,0,0,0,0,0,70
779,109.077639701,12.2151325749,0,0,0,0,0,70,0,0,0,0
809,0,0,109.077704476,12.215221438,0,0,0,0,0,70,0,0
810,0,0,0,0,109.077672088,12.2151770064,0,0,0,0,0,70
811,109.084478859,12.2226745989,109.086504709,12.2255040742,109.085508949,12.2240769137,0,70,0,70,0,70
811,109.083648394,12.2215765634,109.084478859,12.2226745989,0,0,0,70,0,70,0,0
812,0,0,0,0,109.08406463,12.2221248189,0,0,0,0,0,70
812,109.083240513,12.2210443545,109.083648394,12.2215765634,0,0,0,70,0,70,0,0
813,0,0,0,0,109.083444454,12.2213104589,0,0,0,0,0,70
813,109.083100868,12.2208621437,109.083240513,12.2210443545,0,0,0,70,0,70,0,0
814,0,0,0,0,109.083170691,12.2209532491,0,0,0,0,0,70
794,109.082319115,12.2198678208,0,0,0,0,0,70,0,0,0,0
814,0,0,109.083100868,12.2208621437,0,0,0,0,0,70,0,0
815,0,0,0,0,109.082713975,12.2203618641,0,0,0,0,0,70
816,109.085117642,12.2236539132,109.084764729,12.2231879494,109.084941186,12.2234209313,0,70,0,70,0,70
816,109.084764729,12.2231879494,0,0,0,0,0,70,0,0,0,0
817,0,0,109.084520194,12.2228650799,109.084642462,12.2230265147,0,0,0,70,0,70
817,109.084520194,12.2228650799,0,0,0,0,0,70,0,0,0,0
818,0,0,109.084398609,12.2227042388,109.084459402,12.2227846594,0,0,0,70,0,70
818,109.084398609,12.2227042388,0,0,0,0,0,70,0,0,0,0
819,0,0,109.083528352,12.2215531095,109.083964229,12.2221280948,0,0,0,70,0,70
819,109.083528352,12.2215531095,0,0,0,0,0,70,0,0,0,0
820,0,0,109.082586738,12.220330293,109.08305753,12.2209417124,0,0,0,70,0,70
820,109.082586738,12.220330293,0,0,0,0,0,70,0,0,0,0
794,0,0,109.082265768,12.2199103885,0,0,0,0,0,70,0,0
821,0,0,0,0,109.082426187,12.2201203914,0,0,0,0,0,70
797,109.082268794,12.2198048605,0,0,0,0,0,70,0,0,0,0
794,0,0,109.082319115,12.2198678208,0,0,0,0,0,70,0,0
822,0,0,0,0,109.082293955,12.2198363406,0,0,0,0,0,70
796,109.082222158,12.2197465094,0,0,0,0,0,70,0,0,0,0
797,0,0,109.082268794,12.2198048605,0,0,0,0,0,70,0,0
823,0,0,0,0,109.082245476,12.2197756849,0,0,0,0,0,70
795,109.082177011,12.2196900224,0,0,0,0,0,70,0,0,0,0
796,0,0,109.082222158,12.2197465094,0,0,0,0,0,70,0,0
824,0,0,0,0,109.082199584,12.2197182659,0,0,0,0,0,70
794,109.082265768,12.2199103885,0,0,0,0,0,70,0,0,0,0
797,0,0,109.08221721,12.2198468225,0,0,0,0,0,70,0,0
825,0,0,0,0,109.082241489,12.2198786055,0,0,0,0,0,70
797,109.08221721,12.2198468225,0,0,0,0,0,70,0,0,0,0
796,0,0,109.082172864,12.2197887685,0,0,0,0,0,70,0,0
826,0,0,0,0,109.082195037,12.2198177955,0,0,0,0,0,70
796,109.082172864,12.2197887685,0,0,0,0,0,70,0,0,0,0
795,0,0,109.082129531,12.219735042,0,0,0,0,0,70,0,0
827,0,0,0,0,109.082151784,12.2197614346,0,0,0,0,0,70
850,109.090606277,12.2324253229,109.090812123,12.2326573451,109.0907092,12.232541334,0,70,0,70,0,70
850,109.090176462,12.231827595,109.090606277,12.2324253229,0,0,0,70,0,70,0,0
851,0,0,0,0,109.090370555,12.2321414494,0,0,0,0,0,70
851,109.089966669,12.2313730245,109.090176462,12.231827595,0,0,0,70,0,70,0,0
852,0,0,0,0,109.090063717,12.231603942,0,0,0,0,0,70
854,109.090753806,12.2327105774,109.090027013,12.2317370373,109.090350625,12.232253,0,70,0,70,0,70
854,109.090027013,12.2317370373,0,0,0,0,0,70,0,0,0,0
855,0,0,109.089866346,12.2314022517,109.089943072,12.2315714064,0,0,0,70,0,70
856,109.088734318,12.2288464969,109.08820115,12.2280791583,109.088467734,12.2284628276,0,70,0,70,0,70
856,109.08820115,12.2280791583,0,0,0,0,0,70,0,0,0,0
857,0,0,109.088007713,12.2278118769,109.08810453,12.2279454478,0,0,0,70,0,70
857,109.088007713,12.2278118769,0,0,0,0,0,70,0,0,0,0
858,0,0,109.086552602,12.2257205475,109.087283324,12.2267639933,0,0,0,70,0,70
811,109.086436206,12.2255470947,109.086504709,12.2255040742,0,0,0,70,0,70,0,0
860,0,0,0,0,109.086470458,12.2255255845,0,0,0,0,0,70
858,109.086552602,12.2257205475,0,0,0,0,0,70,0,0,0,0
861,0,0,109.086624042,12.2256776286,109.086588322,12.225699088,0,0,0,70,0,70
860,109.086436206,12.2255470947,0,0,0,0,0,70,0,0,0,0
862,0,0,109.085674619,12.2244570711,109.086056296,12.2250014847,0,0,0,70,0,70
862,109.085674619,12.2244570711,0,0,0,0,0,70,0,0,0,0
863,0,0,109.08536791,12.2240147986,109.085521265,12.2242359348,0,0,0,70,0,70
863,109.08536791,12.2240147986,0,0,0,0,0,70,0,0,0,0
816,0,0,109.085117642,12.2236539132,0,0,0,0,0,70,0,0
864,0,0,0,0,109.085242776,12.2238343559,0,0,0,0,0,70
861,109.086560877,12.2255857623,109.086624042,12.2256776286,0,0,0,70,0,70,0,0
865,0,0,0,0,109.086592459,12.2256316954,0,0,0,0,0,70
811,109.086504709,12.2255040742,0,0,0,0,0,70,0,0,0,0
865,0,0,109.086560877,12.2255857623,0,0,0,0,0,70,0,0
866,0,0,0,0,109.086532793,12.2255449183,0,0,0,0,0,70
858,109.086552602,12.2257205475,0,0,0,0,0,70,0,0,0,0
867,0,0,109.086491265,12.2256291444,109.086521933,12.2256748459,0,0,0,70,0,70
867,109.086491265,12.2256291444,0,0,0,0,0,70,0,0,0,0
860,0,0,109.086436206,12.2255470947,0,0,0,0,0,70,0,0
868,0,0,0,0,109.086463735,12.2255881195,0,0,0,0,0,70
867,109.086491265,12.2256291444,0,0,0,0,0,70,0,0,0,0
865,0,0,109.086560877,12.2255857623,0,0,0,0,0,70,0,0
869,0,0,0,0,109.086526071,12.2256074534,0,0,0,0,0,70
870,109.088848593,12.2290175751,109.08891176,12.2289803883,109.088880176,12.2289989817,0,70,0,70,0,70
856,109.088734318,12.2288464969,0,0,0,0,0,70,0,0,0,0
871,0,0,109.088796297,12.228804481,109.088765307,12.2288254889,0,0,0,70,0,70
872,109.088855432,12.2288945734,109.088793764,12.228935493,109.088824598,12.2289150332,0,70,0,70,0,70
871,109.088711065,12.2286746309,109.088796297,12.228804481,0,0,0,70,0,70,0,0
873,0,0,0,0,109.088753681,12.2287395559,0,0,0,0,0,70
873,109.087410383,12.2268212618,109.088711065,12.2286746309,0,0,0,70,0,70,0,0
874,0,0,0,0,109.088058083,12.2277498029,0,0,0,0,0,70
861,109.086624042,12.2256776286,0,0,0,0,0,70,0,0,0,0
874,0,0,109.087410383,12.2268212618,0,0,0,0,0,70,0,0
875,0,0,0,0,109.087017213,12.2262494452,0,0,0,0,0,70
876,109.089590295,12.2303082491,109.089857083,12.2310886675,109.089723689,12.2306984583,0,70,0,70,0,70
877,109.08907552,12.2292298753,109.089275671,12.2295837777,109.089177475,12.2294056938,0,70,0,70,0,70
870,109.08891176,12.2289803883,0,0,0,0,0,70,0,0,0,0
877,0,0,109.08907552,12.2292298753,0,0,0,0,0,70,0,0
878,0,0,0,0,109.08899364,12.2291051318,0,0,0,0,0,70
879,109.089763909,12.2311219756,109.089702244,12.2309430924,109.089733077,12.231032534,0,70,0,70,0,70
880,109.089659743,12.2308097234,109.089218263,12.2296501835,109.089467769,12.2302187458,0,70,0,70,0,70
880,109.089218263,12.2296501835,0,0,0,0,0,70,0,0,0,0
870,0,0,109.088848593,12.2290175751,0,0,0,0,0,70,0,0
881,0,0,0,0,109.089045893,12.2293265955,0,0,0,0,0,70
872,109.088855432,12.2288945734,0,0,0,0,0,70,0,0,0,0
870,0,0,109.08891176,12.2289803883,0,0,0,0,0,70,0,0
882,0,0,0,0,109.088883596,12.2289374809,0,0,0,0,0,70
871,109.088796297,12.228804481,0,0,0,0,0,70,0,0,0,0
872,0,0,109.088855432,12.2288945734,0,0,0,0,0,70,0,0
883,0,0,0,0,109.088825864,12.2288495272,0,0,0,0,0,70
870,109.088848593,12.2290175751,0,0,0,0,0,70,0,0,0,0
872,0,0,109.088793764,12.228935493,0,0,0,0,0,70,0,0
884,0,0,0,0,109.088821178,12.2289765341,0,0,0,0,0,70
872,109.088793764,12.228935493,0,0,0,0,0,70,0,0,0,0
856,0,0,109.088734318,12.2288464969,0,0,0,0,0,70,0,0
885,0,0,0,0,109.088764041,12.2288909949,0,0,0,0,0,70
854,109.090753806,12.2327105774,0,0,0,0,0,70,0,0,0,0
850,0,0,109.090812123,12.2326573451,0,0,0,0,0,70,0,0
886,0,0,0,0,109.090782964,12.2326839613,0,0,0,0,0,70
887,109.090925141,12.2328850682,109.090978415,12.2328452796,109.090951778,12.2328651739,0,70,0,70,0,70
888,109.090809309,12.232767103,109.090866574,12.2327187204,109.090837941,12.2327429117,0,70,0,70,0,70
889,109.090869275,12.2328281737,109.090925377,12.232785002,109.090897326,12.2328065879,0,70,0,70,0,70
889,109.090925377,12.232785002,0,0,0,0,0,70,0,0,0,0
887,0,0,109.090978415,12.2328452796,0,0,0,0,0,70,0,0
890,0,0,0,0,109.090951963,12.2328150824,0,0,0,0,0,70
888,109.090866574,12.2327187204,0,0,0,0,0,70,0,0,0,0
889,0,0,109.090925377,12.232785002,0,0,0,0,0,70,0,0
891,0,0,0,0,109.090895975,12.2327518612,0,0,0,0,0,70
850,109.090812123,12.2326573451,0,0,0,0,0,70,0,0,0,0
888,0,0,109.090866574,12.2327187204,0,0,0,0,0,70,0,0
892,0,0,0,0,109.090839348,12.2326880327,0,0,0,0,0,70
887,109.090925141,12.2328850682,0,0,0,0,0,70,0,0,0,0
889,0,0,109.090869275,12.2328281737,0,0,0,0,0,70,0,0
893,0,0,0,0,109.090897208,12.232856621,0,0,0,0,0,70
889,109.090869275,12.2328281737,0,0,0,0,0,70,0,0,0,0
888,0,0,109.090809309,12.232767103,0,0,0,0,0,70,0,0
894,0,0,0,0,109.090839292,12.2327976383,0,0,0,0,0,70
888,109.090809309,12.232767103,0,0,0,0,0,70,0,0,0,0
854,0,0,109.090753806,12.2327105774,0,0,0,0,0,70,0,0
895,0,0,0,0,109.090781557,12.2327388402,0,0,0,0,0,70
887,109.090978415,12.2328452796,0,0,0,0,0,70,0,0,0,0
896,0,0,109.091257758,12.2332032173,109.091129468,12.233021228,0,0,0,70,0,70
896,109.091257758,12.2332032173,0,0,0,0,0,70,0,0,0,0
887,0,0,109.090925141,12.2328850682,0,0,0,0,0,70,0,0
897,0,0,0,0,109.091087594,12.2330521895,0,0,0,0,0,70
898,109.093016935,12.2351294238,109.093683743,12.2360549542,109.093362958,12.2355828815,0,70,0,70,0,70
898,109.092534637,12.2345905359,109.093016935,12.2351294238,0,0,0,70,0,70,0,0
899,0,0,0,0,109.092775786,12.2348599798,0,0,0,0,0,70
899,109.091590333,12.2335627644,109.092534637,12.2345905359,0,0,0,70,0,70,0,0
900,0,0,0,0,109.092064214,12.2340750767,0,0,0,0,0,70
900,109.091530102,12.2334976479,109.091590333,12.2335627644,0,0,0,70,0,70,0,0
901,0,0,0,0,109.091560218,12.2335302061,0,0,0,0,0,70
896,109.091257758,12.2332032173,0,0,0,0,0,70,0,0,0,0
901,0,0,109.091530102,12.2334976479,0,0,0,0,0,70,0,0
902,0,0,0,0,109.09139393,12.2333504326,0,0,0,0,0,70
904,109.093909874,12.2363975625,109.096115791,12.2397533091,109.09501826,12.2380718756,0,70,0,70,0,70
907,109.10441092,12.2523486183,109.10496912,12.2532065313,109.10469002,12.2527775748,0,70,0,70,0,70
907,109.104296093,12.2521721375,109.10441092,12.2523486183,0,0,0,70,0,70,0,0
908,0,0,0,0,109.104353506,12.2522603779,0,0,0,0,0,70
908,109.104048777,12.2517929246,109.104296093,12.2521721375,0,0,0,70,0,70,0,0
909,0,0,0,0,109.104172571,12.2519824423,0,0,0,0,0,70
909,109.103275349,12.2506088768,109.104048777,12.2517929246,0,0,0,70,0,70,0,0
910,0,0,0,0,109.103662063,12.2512009007,0,0,0,0,0,70
910,109.102625194,12.2496223196,109.103275349,12.2506088768,0,0,0,70,0,70,0,0
911,0,0,0,0,109.102950682,12.2501153285,0,0,0,0,0,70
911,109.101734988,12.248275283,109.102625194,12.2496223196,0,0,0,70,0,70,0,0
912,0,0,0,0,109.102180364,12.2489486208,0,0,0,0,0,70
912,109.100848869,12.2469325907,109.101734988,12.248275283,0,0,0,70,0,70,0,0
913,0,0,0,0,109.101291232,12.2476043958,0,0,0,0,0,70
913,109.100217297,12.2459731573,109.100848869,12.2469325907,0,0,0,70,0,70,0,0
914,0,0,0,0,109.100533363,12.2464526897,0,0,0,0,0,70
914,109.099866644,12.2454415292,109.100217297,12.2459731573,0,0,0,70,0,70,0,0
915,0,0,0,0,109.100041971,12.2457073432,0,0,0,0,0,70
915,109.099548801,12.2449596451,109.099866644,12.2454415292,0,0,0,70,0,70,0,0
916,0,0,0,0,109.099707723,12.2452005871,0,0,0,0,0,70
916,109.09934089,12.2446395138,109.099548801,12.2449596451,0,0,0,70,0,70,0,0
917,0,0,0,0,109.099444846,12.2447995794,0,0,0,0,0,70
918,109.096807509,12.2408198936,109.098937049,12.2440190589,109.097878218,12.2424154753,0,70,0,70,0,70
920,109.105801669,12.2545442906,109.105707706,12.2543944391,109.105754688,12.2544693648,0,70,0,70,0,70
920,109.105707706,12.2543944391,0,0,0,0,0,70,0,0,0,0
921,0,0,109.105510664,12.2540203568,109.105592422,12.254210584,0,0,0,70,0,70
922,109.105771139,12.2543489322,109.105871421,12.2545045442,109.10582128,12.2544267382,0,70,0,70,0,70
922,109.105634192,12.2541488866,109.105771139,12.2543489322,0,0,0,70,0,70,0,0
923,0,0,0,0,109.105702846,12.2542487893,0,0,0,0,0,70
921,109.105510664,12.2540203568,0,0,0,0,0,70,0,0,0,0
923,0,0,109.105634192,12.2541488866,0,0,0,0,0,70,0,0
924,0,0,0,0,109.1055809,12.2540713367,0,0,0,0,0,70
926,109.106867581,12.2568015127,109.106918069,12.2570306253,109.106892825,12.256916069,0,70,0,70,0,70
926,109.106837317,12.256682124,109.106867581,12.2568015127,0,0,0,70,0,70,0,0
927,0,0,0,0,109.106853772,12.2567414895,0,0,0,0,0,70
927,109.106818055,12.2566126335,109.106837317,12.256682124,0,0,0,70,0,70,0,0
928,0,0,0,0,109.106827686,12.2566473787,0,0,0,0,0,70
922,109.105871421,12.2545045442,0,0,0,0,0,70,0,0,0,0
928,0,0,109.106818055,12.2566126335,0,0,0,0,0,70,0,0
929,0,0,0,0,109.106442863,12.2555055845,0,0,0,0,0,70
930,109.105979429,12.2547601172,109.106134506,12.2550502494,109.10606188,12.2549024934,0,70,0,70,0,70
930,109.105979429,12.2547601172,0,0,0,0,0,70,0,0,0,0
920,0,0,109.105801669,12.2545442906,0,0,0,0,0,70,0,0
931,0,0,0,0,109.10589161,12.2546485473,0,0,0,0,0,70
922,109.105871421,12.2545045442,0,0,0,0,0,70,0,0,0,0
930,0,0,109.105979429,12.2547601172,0,0,0,0,0,70,0,0
932,0,0,0,0,109.105931327,12.2546327884,0,0,0,0,0,70
934,109.106761313,12.2570305612,109.106676427,12.256656291,109.10671887,12.2568434261,0,70,0,70,0,70
934,109.106676427,12.256656291,0,0,0,0,0,70,0,0,0,0
920,0,0,109.105801669,12.2545442906,0,0,0,0,0,70,0,0
935,0,0,0,0,109.106308104,12.2555669523,0,0,0,0,0,70
889,109.090869275,12.2328281737,0,0,0,0,0,70,0,0,0,0
943,0,0,109.090404562,12.2330725083,109.090636918,12.232950341,0,0,0,70,0,70
944,109.093367962,12.2419757094,109.093536481,12.2425003757,109.093452222,12.2422380425,0,70,0,70,0,70
945,109.092915056,12.240626606,109.093085842,12.2411364613,109.093000415,12.2408815449,0,70,0,70,0,70
946,109.092296051,12.2387904114,109.092722495,12.2400514887,109.092509767,12.2394207835,0,70,0,70,0,70
946,109.091608488,12.2367504737,109.092296051,12.2387904114,0,0,0,70,0,70,0,0
947,0,0,0,0,109.091950457,12.2377710535,0,0,0,0,0,70
947,109.091308104,12.2358555404,109.091608488,12.2367504737,0,0,0,70,0,70,0,0
948,0,0,0,0,109.091458533,12.2363029273,0,0,0,0,0,70
948,109.090869266,12.2345285298,109.091308104,12.2358555404,0,0,0,70,0,70,0,0
949,0,0,0,0,109.091084771,12.2351932657,0,0,0,0,0,70
949,109.09066354,12.2338860764,109.090869266,12.2345285298,0,0,0,70,0,70,0,0
950,0,0,0,0,109.090770809,12.2342059217,0,0,0,0,0,70
943,109.090404562,12.2330725083,0,0,0,0,0,70,0,0,0,0
952,0,0,109.090541075,12.2335126542,109.090472818,12.2332925812,0,0,0,70,0,70
943,109.090404562,12.2330725083,0,0,0,0,0,70,0,0,0,0
854,0,0,109.090027013,12.2317370373,0,0,0,0,0,70,0,0
953,0,0,0,0,109.090199207,12.2324060715,0,0,0,0,0,70
955,109.093893116,12.2440290109,109.093988906,12.2440271327,109.093941011,12.2440280718,0,70,0,70,0,70
956,109.09400305,12.2441696815,109.093910682,12.2441712926,109.093956866,12.244170487,0,70,0,70,0,70
957,109.093923186,12.2442920217,109.094014589,12.2442859706,109.093968887,12.2442889961,0,70,0,70,0,70
958,109.093884217,12.2439569321,109.093980748,12.2439449095,109.093932483,12.2439509208,0,70,0,70,0,70
958,109.093884217,12.2439569321,0,0,0,0,0,70,0,0,0,0
959,0,0,109.09381685,12.2435536042,109.093855333,12.2437545132,0,0,0,70,0,70
959,109.09381685,12.2435536042,0,0,0,0,0,70,0,0,0,0
944,0,0,109.093536481,12.2425003757,0,0,0,0,0,70,0,0
960,0,0,0,0,109.093663425,12.2430200505,0,0,0,0,0,70
958,109.093923087,12.2435601965,109.093980748,12.2439449095,0,0,0,70,0,70,0,0
961,0,0,0,0,109.093957723,12.2437517285,0,0,0,0,0,70
961,109.093736093,12.242952568,109.093923087,12.2435601965,0,0,0,70,0,70,0,0
962,0,0,0,0,109.093838924,12.2432536636,0,0,0,0,0,70
944,109.093536481,12.2425003757,0,0,0,0,0,70,0,0,0,0
962,0,0,109.093736093,12.242952568,0,0,0,0,0,70,0,0
963,0,0,0,0,109.093652483,12.2427080546,0,0,0,0,0,70
964,109.094067464,12.2450916756,109.094095633,12.2458504459,109.09409433,12.245477259,0,70,0,70,0,70
964,109.09404788,12.244755407,109.094067464,12.2450916756,0,0,0,70,0,70,0,0
965,0,0,0,0,109.094057672,12.2449235413,0,0,0,0,0,70
957,109.094014589,12.2442859706,0,0,0,0,0,70,0,0,0,0
965,0,0,109.09404788,12.244755407,0,0,0,0,0,70,0,0
966,0,0,0,0,109.094033834,12.2445205,0,0,0,0,0,70
964,109.094095633,12.2458504459,0,0,0,0,0,70,0,0,0,0
967,0,0,109.093958389,12.2447460712,109.094001185,12.2453099703,0,0,0,70,0,70
967,109.093958389,12.2447460712,0,0,0,0,0,70,0,0,0,0
957,0,0,109.093923186,12.2442920217,0,0,0,0,0,70,0,0
968,0,0,0,0,109.093940788,12.2445190464,0,0,0,0,0,70
956,109.093910682,12.2441712926,0,0,0,0,0,70,0,0,0,0
955,0,0,109.093893116,12.2440290109,0,0,0,0,0,70,0,0
969,0,0,0,0,109.093901899,12.2441001518,0,0,0,0,0,70
955,109.093893116,12.2440290109,0,0,0,0,0,70,0,0,0,0
958,0,0,109.093884217,12.2439569321,0,0,0,0,0,70,0,0
970,0,0,0,0,109.093888667,12.2439929715,0,0,0,0,0,70
956,109.09400305,12.2441696815,0,0,0,0,0,70,0,0,0,0
957,0,0,109.094014589,12.2442859706,0,0,0,0,0,70,0,0
971,0,0,0,0,109.09400882,12.244227826,0,0,0,0,0,70
955,109.093988906,12.2440271327,0,0,0,0,0,70,0,0,0,0
956,0,0,109.09400305,12.2441696815,0,0,0,0,0,70,0,0
972,0,0,0,0,109.093995978,12.2440984071,0,0,0,0,0,70
958,109.093980748,12.2439449095,0,0,0,0,0,70,0,0,0,0
955,0,0,109.093988906,12.2440271327,0,0,0,0,0,70,0,0
973,0,0,0,0,109.093984827,12.2439860211,0,0,0,0,0,70
957,109.093923186,12.2442920217,0,0,0,0,0,70,0,0,0,0
956,0,0,109.093910682,12.2441712926,0,0,0,0,0,70,0,0
974,0,0,0,0,109.093918119,12.2442315381,0,0,0,0,0,70
975,109.095389044,12.2500008032,109.094601173,12.2494458272,109.094978442,12.2497585992,0,70,0,70,0,70
975,109.094601173,12.2494458272,0,0,0,0,0,70,0,0,0,0
976,0,0,109.09440548,12.2488116717,109.094456051,12.2491449385,0,0,0,70,0,70
976,109.09440548,12.2488116717,0,0,0,0,0,70,0,0,0,0
977,0,0,109.094426137,12.2486520491,109.094397959,12.2487245452,0,0,0,70,0,70
977,109.094426137,12.2486520491,0,0,0,0,0,70,0,0,0,0
975,0,0,109.095389044,12.2500008032,0,0,0,0,0,70,0,0
978,0,0,0,0,109.094709077,12.249458545,0,0,0,0,0,70
979,109.096454774,12.2509550157,109.09684647,12.2514405425,109.096654029,12.2511949471,0,70,0,70,0,70
979,109.096415264,12.2509101734,109.096454774,12.2509550157,0,0,0,70,0,70,0,0
980,0,0,0,0,109.096435019,12.2509325945,0,0,0,0,0,70
980,109.096310148,12.2507908695,109.096415264,12.2509101734,0,0,0,70,0,70,0,0
981,0,0,0,0,109.096362706,12.2508505214,0,0,0,0,0,70
981,109.096138364,12.2506160905,109.096310148,12.2507908695,0,0,0,70,0,70,0,0
982,0,0,0,0,109.096224656,12.2507031067,0,0,0,0,0,70
982,109.095968386,12.2504512792,109.096138364,12.2506160905,0,0,0,70,0,70,0,0
983,0,0,0,0,109.096053722,12.2505333329,0,0,0,0,0,70
975,109.095389044,12.2500008032,0,0,0,0,0,70,0,0,0,0
983,0,0,109.095968386,12.2504512792,0,0,0,0,0,70,0,0
984,0,0,0,0,109.095688228,12.2502139472,0,0,0,0,0,70
977,109.094410392,12.2485183918,109.094426137,12.2486520491,0,0,0,70,0,70,0,0
985,0,0,0,0,109.094418265,12.2485852205,0,0,0,0,0,70
985,109.094335324,12.247870057,109.094410392,12.2485183918,0,0,0,70,0,70,0,0
986,0,0,0,0,109.094372564,12.2481942587,0,0,0,0,0,70
986,109.094255918,12.2471787578,109.094335324,12.247870057,0,0,0,70,0,70,0,0
987,0,0,0,0,109.094295621,12.2475244074,0,0,0,0,0,70
987,109.094239233,12.2470334948,109.094255918,12.2471787578,0,0,0,70,0,70,0,0
988,0,0,0,0,109.094247576,12.2471061263,0,0,0,0,0,70
988,109.094164859,12.2464171039,109.094239233,12.2470334948,0,0,0,70,0,70,0,0
989,0,0,0,0,109.094202503,12.2467252452,0,0,0,0,0,70
989,109.094135527,12.2461770037,109.094164859,12.2464171039,0,0,0,70,0,70,0,0
990,0,0,0,0,109.094150193,12.2462970538,0,0,0,0,0,70
964,109.094095633,12.2458504459,0,0,0,0,0,70,0,0,0,0
990,0,0,109.094135527,12.2461770037,0,0,0,0,0,70,0,0
991,0,0,0,0,109.09411558,12.2460137248,0,0,0,0,0,70
934,109.106784229,12.2571316008,109.106761313,12.2570305612,0,0,0,70,0,70,0,0
1000,0,0,0,0,109.106772771,12.257081081,0,0,0,0,0,70
926,109.106918069,12.2570306253,0,0,0,0,0,70,0,0,0,0
1001,0,0,109.106940837,12.2571339463,109.106929453,12.2570822858,0,0,0,70,0,70
934,109.106761313,12.2570305612,0,0,0,0,0,70,0,0,0,0
926,0,0,109.106918069,12.2570306253,0,0,0,0,0,70,0,0
1007,0,0,0,0,109.106839691,12.2570305932,0,0,0,0,0,70
1001,109.106940837,12.2571339463,0,0,0,0,0,70,0,0,0,0
1000,0,0,109.106784229,12.2571316008,0,0,0,0,0,70,0,0
1008,0,0,0,0,109.106862533,12.2571327736,0,0,0,0,0,70
928,109.106818055,12.2566126335,0,0,0,0,0,70,0,0,0,0
934,0,0,109.106676427,12.256656291,0,0,0,0,0,70,0,0
1043,0,0,0,0,109.106754672,12.2566622898,0,0,0,0,0,70
1097,109.130861395,12.280435638,109.136108339,12.2830419395,109.133423947,12.2818595408,0,70,0,70,0,70
1098,109.133126555,12.2818072849,109.130816255,12.2805075048,109.131962009,12.2811751549,0,70,0,70,0,70
1122,109.109106091,12.2688747706,109.108537533,12.266888374,109.108672521,12.267926078,0,70,0,70,0,70
1125,109.10861901,12.2668837145,109.109010768,12.2685569886,109.108718431,12.2677439292,0,70,0,70,0,70
1145,109.118100342,12.2749607877,109.118130517,12.2748896586,109.11811543,12.2749252232,0,70,0,70,0,70
1146,109.118276394,12.2750360912,109.11831375,12.2749660396,109.118295072,12.2750010654,0,70,0,70,0,70
1147,109.118219138,12.2750116006,109.118249583,12.2749392914,109.11823436,12.274975446,0,70,0,70,0,70
1145,109.118100342,12.2749607877,0,0,0,0,0,70,0,0,0,0
1148,0,0,109.116403148,12.2742080591,109.117248525,12.2745917301,0,0,0,70,0,70
1148,109.116403148,12.2742080591,0,0,0,0,0,70,0,0,0,0
1149,0,0,109.115368815,12.2737332206,109.115885596,12.2739714822,0,0,0,70,0,70
1149,109.115368815,12.2737332206,0,0,0,0,0,70,0,0,0,0
1150,0,0,109.114899216,12.2735167742,109.115134027,12.2736249718,0,0,0,70,0,70
1145,109.117884716,12.274787196,109.118130517,12.2748896586,0,0,0,70,0,70,0,0
1158,0,0,0,0,109.118007616,12.2748384273,0,0,0,0,0,70
1158,109.116744106,12.2742764382,109.117884716,12.274787196,0,0,0,70,0,70,0,0
1159,0,0,0,0,109.117313176,12.2745346539,0,0,0,0,0,70
1159,109.115678662,12.2737834606,109.116744106,12.2742764382,0,0,0,70,0,70,0,0
1160,0,0,0,0,109.116210634,12.2740315782,0,0,0,0,0,70
1160,109.114993229,12.2734628305,109.115678662,12.2737834606,0,0,0,70,0,70,0,0
1161,0,0,0,0,109.115335945,12.2736231455,0,0,0,0,0,70
1161,109.114921716,12.2734293783,109.114993229,12.2734628305,0,0,0,70,0,70,0,0
1162,0,0,0,0,109.114957472,12.2734461044,0,0,0,0,0,70
1147,109.118249583,12.2749392914,0,0,0,0,0,70,0,0,0,0
1146,0,0,109.11831375,12.2749660396,0,0,0,0,0,70,0,0
1168,0,0,0,0,109.118281667,12.2749526655,0,0,0,0,0,70
1145,109.118130517,12.2748896586,0,0,0,0,0,70,0,0,0,0
1147,0,0,109.118249583,12.2749392914,0,0,0,0,0,70,0,0
1169,0,0,0,0,109.11819005,12.274914475,0,0,0,0,0,70
1146,109.118276394,12.2750360912,0,0,0,0,0,70,0,0,0,0
1147,0,0,109.118219138,12.2750116006,0,0,0,0,0,70,0,0
1170,0,0,0,0,109.118247766,12.2750238459,0,0,0,0,0,70
1147,109.118219138,12.2750116006,0,0,0,0,0,70,0,0,0,0
1145,0,0,109.118100342,12.2749607877,0,0,0,0,0,70,0,0
1171,0,0,0,0,109.11815974,12.2749861942,0,0,0,0,0,70
1172,109.125921544,12.2779074216,109.125951582,12.2778189573,109.125936563,12.2778631894,0,70,0,70,0,70
1173,109.126034606,12.2779491197,109.126069101,12.2778616915,109.126051853,12.2779054056,0,70,0,70,0,70
1174,109.126141063,12.2779883819,109.126178742,12.2779015611,109.126159903,12.2779449715,0,70,0,70,0,70
1172,109.125921544,12.2779074216,0,0,0,0,0,70,0,0,0,0
1175,0,0,109.120538699,12.2758817878,109.12322571,12.2769060047,0,0,0,70,0,70
1175,109.120538699,12.2758817878,0,0,0,0,0,70,0,0,0,0
1176,0,0,109.120029121,12.2756997429,109.120283593,12.2757916374,0,0,0,70,0,70
1176,109.120029121,12.2756997429,0,0,0,0,0,70,0,0,0,0
1177,0,0,109.119578809,12.2755313924,109.119803965,12.2756155677,0,0,0,70,0,70
1177,109.119578809,12.2755313924,0,0,0,0,0,70,0,0,0,0
1146,0,0,109.118276394,12.2750360912,0,0,0,0,0,70,0,0
1178,0,0,0,0,109.118926191,12.275287409,0,0,0,0,0,70
1172,109.125890862,12.2777968772,109.125951582,12.2778189573,0,0,0,70,0,70,0,0
1179,0,0,0,0,109.125921222,12.2778079173,0,0,0,0,0,70
1179,109.125495344,12.2776530524,109.125890862,12.2777968772,0,0,0,70,0,70,0,0
1180,0,0,0,0,109.125693103,12.2777249648,0,0,0,0,0,70
1180,109.12385365,12.277049842,109.125495344,12.2776530524,0,0,0,70,0,70,0,0
1181,0,0,0,0,109.124673941,12.277352964,0,0,0,0,0,70
1181,109.122578108,12.2765728038,109.12385365,12.277049842,0,0,0,70,0,70,0,0
1182,0,0,0,0,109.123214931,12.276813816,0,0,0,0,0,70
1182,109.122194319,12.2764226569,109.122578108,12.2765728038,0,0,0,70,0,70,0,0
1183,0,0,0,0,109.122386213,12.2764977303,0,0,0,0,0,70
1183,109.119704581,12.275487424,109.122194319,12.2764226569,0,0,0,70,0,70,0,0
1184,0,0,0,0,109.120954982,12.2759403553,0,0,0,0,0,70
1184,109.118723459,12.2751249929,109.119704581,12.275487424,0,0,0,70,0,70,0,0
1185,0,0,0,0,109.119213549,12.2753074914,0,0,0,0,0,70
1185,109.118539463,12.2750564767,109.118723459,12.2751249929,0,0,0,70,0,70,0,0
1186,0,0,0,0,109.118631461,12.2750907348,0,0,0,0,0,70
1146,109.11831375,12.2749660396,0,0,0,0,0,70,0,0,0,0
1186,0,0,109.118539463,12.2750564767,0,0,0,0,0,70,0,0
1187,0,0,0,0,109.118425988,12.2750128261,0,0,0,0,0,70
1174,109.126141063,12.2779883819,0,0,0,0,0,70,0,0,0,0
1173,0,0,109.126034606,12.2779491197,0,0,0,0,0,70,0,0
1188,0,0,0,0,109.126087834,12.2779687508,0,0,0,0,0,70
1173,109.126034606,12.2779491197,0,0,0,0,0,70,0,0,0,0
1172,0,0,109.125921544,12.2779074216,0,0,0,0,0,70,0,0
1189,0,0,0,0,109.125978075,12.2779282706,0,0,0,0,0,70
1173,109.126069101,12.2778616915,0,0,0,0,0,70,0,0,0,0
1174,0,0,109.126178742,12.2779015611,0,0,0,0,0,70,0,0
1190,0,0,0,0,109.126123922,12.2778816263,0,0,0,0,0,70
1172,109.125951582,12.2778189573,0,0,0,0,0,70,0,0,0,0
1173,0,0,109.126069101,12.2778616915,0,0,0,0,0,70,0,0
1191,0,0,0,0,109.126010341,12.2778403244,0,0,0,0,0,70
1192,109.129502622,12.2797393561,109.129545722,12.2796661415,109.129524172,12.2797027488,0,70,0,70,0,70
1193,109.129691726,12.2798501934,109.129739146,12.279779269,109.129715436,12.2798147312,0,70,0,70,0,70
1194,109.129598448,12.2797955214,109.129639605,12.279721051,109.129619027,12.2797582862,0,70,0,70,0,70
1192,109.129502622,12.2797393561,0,0,0,0,0,70,0,0,0,0
1195,0,0,109.129435022,12.2796997343,109.129468822,12.2797195452,0,0,0,70,0,70
1174,109.127713295,12.278682517,109.126141063,12.2779883819,0,0,0,70,0,70,0,0
1196,0,0,0,0,109.126942276,12.2783019918,0,0,0,0,0,70
1192,109.128671702,12.279143516,109.129545722,12.2796661415,0,0,0,70,0,70,0,0
1197,0,0,0,0,109.129108606,12.2794050071,0,0,0,0,0,70
1197,109.12819293,12.2788569672,109.128671702,12.279143516,0,0,0,70,0,70,0,0
1198,0,0,0,0,109.128432316,12.2790002416,0,0,0,0,0,70
1199,109.126461249,12.2780049254,109.127761301,12.2786072022,109.127125621,12.2782754929,0,70,0,70,0,70
1199,109.126322132,12.2779537027,109.126461249,12.2780049254,0,0,0,70,0,70,0,0
1200,0,0,0,0,109.126391796,12.2779790353,0,0,0,0,0,70
1174,109.126178742,12.2779015611,0,0,0,0,0,70,0,0,0,0
1200,0,0,109.126322132,12.2779537027,0,0,0,0,0,70,0,0
1201,0,0,0,0,109.126250437,12.2779276319,0,0,0,0,0,70
1194,109.129639605,12.279721051,0,0,0,0,0,70,0,0,0,0
1193,0,0,109.129739146,12.279779269,0,0,0,0,0,70,0,0
1202,0,0,0,0,109.129689375,12.27975016,0,0,0,0,0,70
1192,109.129545722,12.2796661415,0,0,0,0,0,70,0,0,0,0
1194,0,0,109.129639605,12.279721051,0,0,0,0,0,70,0,0
1203,0,0,0,0,109.129592664,12.2796935962,0,0,0,0,0,70
1193,109.129691726,12.2798501934,0,0,0,0,0,70,0,0,0,0
1194,0,0,109.129598448,12.2797955214,0,0,0,0,0,70,0,0
1204,0,0,0,0,109.129645087,12.2798228574,0,0,0,0,0,70
1194,109.129598448,12.2797955214,0,0,0,0,0,70,0,0,0,0
1192,0,0,109.129502622,12.2797393561,0,0,0,0,0,70,0,0
1205,0,0,0,0,109.129550535,12.2797674387,0,0,0,0,0,70
1206,109.130722665,12.2804529559,109.130768766,12.280381462,109.130745716,12.280417209,0,70,0,70,0,70
1207,109.13062302,12.2803948777,109.130663836,12.2803200916,109.130643428,12.2803574846,0,70,0,70,0,70
1098,109.130816255,12.2805075048,0,0,0,0,0,70,0,0,0,0
1097,0,0,109.130861395,12.280435638,0,0,0,0,0,70,0,0
1208,0,0,0,0,109.130838825,12.2804715714,0,0,0,0,0,70
1207,109.13062302,12.2803948777,0,0,0,0,0,70,0,0,0,0
1193,0,0,109.129691726,12.2798501934,0,0,0,0,0,70,0,0
1209,0,0,0,0,109.13015712,12.280122969,0,0,0,0,0,70
1207,109.130485908,12.280216027,109.130663836,12.2803200916,0,0,0,70,0,70,0,0
1210,0,0,0,0,109.130574872,12.2802680593,0,0,0,0,0,70
1193,109.129739146,12.279779269,0,0,0,0,0,70,0,0,0,0
1210,0,0,109.130485908,12.280216027,0,0,0,0,0,70,0,0
1211,0,0,0,0,109.130112527,12.279997648,0,0,0,0,0,70
1206,109.130768766,12.280381462,0,0,0,0,0,70,0,0,0,0
1097,0,0,109.130861395,12.280435638,0,0,0,0,0,70,0,0
1212,0,0,0,0,109.13081508,12.28040855,0,0,0,0,0,70
1207,109.130663836,12.2803200916,0,0,0,0,0,70,0,0,0,0
1206,0,0,109.130768766,12.280381462,0,0,0,0,0,70,0,0
1213,0,0,0,0,109.130716301,12.2803507768,0,0,0,0,0,70
1098,109.130816255,12.2805075048,0,0,0,0,0,70,0,0,0,0
1206,0,0,109.130722665,12.2804529559,0,0,0,0,0,70,0,0
1214,0,0,0,0,109.13076946,12.2804802304,0,0,0,0,0,70
1206,109.130722665,12.2804529559,0,0,0,0,0,70,0,0,0,0
1207,0,0,109.13062302,12.2803948777,0,0,0,0,0,70,0,0
1215,0,0,0,0,109.130672842,12.2804239168,0,0,0,0,0,70
907,109.10496912,12.2532065313,0,0,0,0,0,70,0,0,0,0
1216,0,0,109.105127015,12.2534492034,109.105048068,12.2533278674,0,0,0,70,0,70
952,109.090541075,12.2335126542,0,0,0,0,0,70,0,0,0,0
1217,0,0,109.09058144,12.2336412771,109.090561043,12.2335770348,0,0,0,70,0,70
1952,109.140194265,12.2849956077,109.139146592,12.2844912254,109.139670687,12.2847428803,0,70,0,70,0,70
1952,109.139146592,12.2844912254,0,0,0,0,0,70,0,0,0,0
1953,0,0,109.138683664,12.2842729628,109.138915128,12.2843820941,0,0,0,70,0,70
1953,109.138683664,12.2842729628,0,0,0,0,0,70,0,0,0,0
1954,0,0,109.137456392,12.2837155027,109.138073972,12.2839855037,0,0,0,70,0,70
1954,109.137456392,12.2837155027,0,0,0,0,0,70,0,0,0,0
1955,0,0,109.137103951,12.2835630494,109.137280172,12.283639276,0,0,0,70,0,70
1955,109.137103951,12.2835630494,0,0,0,0,0,70,0,0,0,0
1956,0,0,109.136560986,12.2833271427,109.136832468,12.2834450961,0,0,0,70,0,70
1956,109.136560986,12.2833271427,0,0,0,0,0,70,0,0,0,0
1957,0,0,109.136075528,12.2831162217,109.136318257,12.2832216822,0,0,0,70,0,70
1957,109.136075528,12.2831162217,0,0,0,0,0,70,0,0,0,0
1958,0,0,109.134751359,12.2825272923,109.135410906,12.282827458,0,0,0,70,0,70
1958,109.134751359,12.2825272923,0,0,0,0,0,70,0,0,0,0
1098,0,0,109.133126555,12.2818072849,0,0,0,0,0,70,0,0
1959,0,0,0,0,109.133937354,12.2821709057,0,0,0,0,0,70
1960,109.138748958,12.2842068898,109.140230541,12.2849185874,109.139489654,12.2845629369,0,70,0,70,0,70
1961,109.140265058,12.2850299362,109.140300967,12.2849525928,109.140283013,12.2849912645,0,70,0,70,0,70
1960,109.140230541,12.2849185874,0,0,0,0,0,70,0,0,0,0
1952,0,0,109.140194265,12.2849956077,0,0,0,0,0,70,0,0
1962,0,0,0,0,109.140212403,12.2849570976,0,0,0,0,0,70
1963,109.140387822,12.2849945309,109.140349719,12.2850709891,109.14036877,12.28503276,0,70,0,70,0,70
1963,109.140349719,12.2850709891,0,0,0,0,0,70,0,0,0,0
1961,0,0,109.140265058,12.2850299362,0,0,0,0,0,70,0,0
1964,0,0,0,0,109.140307389,12.2850504626,0,0,0,0,0,70
1961,109.140265058,12.2850299362,0,0,0,0,0,70,0,0,0,0
1952,0,0,109.140194265,12.2849956077,0,0,0,0,0,70,0,0
1965,0,0,0,0,109.140229662,12.285012772,0,0,0,0,0,70
1961,109.140300967,12.2849525928,0,0,0,0,0,70,0,0,0,0
1963,0,0,109.140387822,12.2849945309,0,0,0,0,0,70,0,0
1966,0,0,0,0,109.140344394,12.2849735619,0,0,0,0,0,70
1960,109.140230541,12.2849185874,0,0,0,0,0,70,0,0,0,0
1961,0,0,109.140300967,12.2849525928,0,0,0,0,0,70,0,0
1967,0,0,0,0,109.140265754,12.2849355901,0,0,0,0,0,70
1968,109.146449151,12.2879081467,109.147365089,12.2883542678,109.146907346,12.2881307436,0,70,0,70,0,70
1968,109.146033656,12.2877080495,109.146449151,12.2879081467,0,0,0,70,0,70,0,0
1969,0,0,0,0,109.146241622,12.287807645,0,0,0,0,0,70
1969,109.144868893,12.2871520474,109.146033656,12.2877080495,0,0,0,70,0,70,0,0
1970,0,0,0,0,109.145451378,12.2874298334,0,0,0,0,0,70
1971,109.144627734,12.2871262062,109.144515412,12.2870718572,109.144571573,12.2870990317,0,70,0,70,0,70
1971,109.144515412,12.2870718572,0,0,0,0,0,70,0,0,0,0
1972,0,0,109.144037753,12.2868439425,109.144277118,12.2869567784,0,0,0,70,0,70
1972,109.144037753,12.2868439425,0,0,0,0,0,70,0,0,0,0
1973,0,0,109.143575718,12.2866261412,109.143806735,12.2867350419,0,0,0,70,0,70
1973,109.143575718,12.2866261412,0,0,0,0,0,70,0,0,0,0
1974,0,0,109.142945516,12.2863191694,109.143259487,12.2864749918,0,0,0,70,0,70
1974,109.142945516,12.2863191694,0,0,0,0,0,70,0,0,0,0
1975,0,0,109.141946362,12.2858391773,109.142447538,12.2860758706,0,0,0,70,0,70
1975,109.141946362,12.2858391773,0,0,0,0,0,70,0,0,0,0
1976,0,0,109.140884896,12.2853305031,109.141414455,12.2855872928,0,0,0,70,0,70
1976,109.140884896,12.2853305031,0,0,0,0,0,70,0,0,0,0
1963,0,0,109.140349719,12.2850709891,0,0,0,0,0,70,0,0
1977,0,0,0,0,109.140617308,12.2852007461,0,0,0,0,0,70
1978,109.141489909,12.2855272528,109.144661884,12.2870527214,109.14307491,12.2862920273,0,70,0,70,0,70
1963,109.140387822,12.2849945309,0,0,0,0,0,70,0,0,0,0
1978,0,0,109.141489909,12.2855272528,0,0,0,0,0,70,0,0
1979,0,0,0,0,109.140938939,12.2852607409,0,0,0,0,0,70
1980,109.144765019,12.28710251,109.144730448,12.2871759066,109.144747733,12.2871392083,0,70,0,70,0,70
1971,109.144627734,12.2871262062,0,0,0,0,0,70,0,0,0,0
1978,0,0,109.144661884,12.2870527214,0,0,0,0,0,70,0,0
1981,0,0,0,0,109.144644809,12.2870894638,0,0,0,0,0,70
1970,109.144834413,12.2872262126,109.144868893,12.2871520474,0,0,0,70,0,70,0,0
1982,0,0,0,0,109.144851653,12.28718913,0,0,0,0,0,70
1982,109.144834413,12.2872262126,0,0,0,0,0,70,0,0,0,0
1980,0,0,109.144730448,12.2871759066,0,0,0,0,0,70,0,0
1983,0,0,0,0,109.144782431,12.2872010596,0,0,0,0,0,70
1980,109.144730448,12.2871759066,0,0,0,0,0,70,0,0,0,0
1971,0,0,109.144627734,12.2871262062,0,0,0,0,0,70,0,0
1984,0,0,0,0,109.144679091,12.2871510564,0,0,0,0,0,70
1980,109.144765019,12.28710251,0,0,0,0,0,70,0,0,0,0
1970,0,0,109.144868893,12.2871520474,0,0,0,0,0,70,0,0
1985,0,0,0,0,109.144816956,12.2871272787,0,0,0,0,0,70
1978,109.144661884,12.2870527214,0,0,0,0,0,70,0,0,0,0
1980,0,0,109.144765019,12.28710251,0,0,0,0,0,70,0,0
1986,0,0,0,0,109.144713451,12.2870776157,0,0,0,0,0,70
1987,109.156619614,12.295611907,109.156638134,12.2955367378,109.156628874,12.2955743224,0,70,0,70,0,70
1988,109.173320523,12.3051667859,109.181880047,12.3083300933,109.177912589,12.3061121492,0,70,0,70,0,70
1988,109.171709878,12.3048342192,109.173320523,12.3051667859,0,0,0,70,0,70,0,0
1989,0,0,0,0,109.172514411,12.3050042537,0,0,0,0,0,70
1990,109.169544356,12.3040145145,109.171351685,12.3047542228,109.170428201,12.3044340778,0,70,0,70,0,70
1990,109.168109605,12.3031527924,109.169544356,12.3040145145,0,0,0,70,0,70,0,0
1991,0,0,0,0,109.168799263,12.3036286165,0,0,0,0,0,70
1991,109.164372036,12.2995919873,109.168109605,12.3031527924,0,0,0,70,0,70,0,0
1992,0,0,0,0,109.166153961,12.301457947,0,0,0,0,0,70
1992,109.164197924,12.2993720562,109.164372036,12.2995919873,0,0,0,70,0,70,0,0
1993,0,0,0,0,109.16428498,12.2994820218,0,0,0,0,0,70
1993,109.163427328,12.2983920774,109.164197924,12.2993720562,0,0,0,70,0,70,0,0
1994,0,0,0,0,109.163809943,12.2988841693,0,0,0,0,0,70
1994,109.159700461,12.2964409468,109.163427328,12.2983920774,0,0,0,70,0,70,0,0
1995,0,0,0,0,109.161756578,12.2970761318,0,0,0,0,0,70
1987,109.156638134,12.2955367378,0,0,0,0,0,70,0,0,0,0
1995,0,0,109.159700461,12.2964409468,0,0,0,0,0,70,0,0
1996,0,0,0,0,109.158169703,12.2959874653,0,0,0,0,0,70
1987,109.152337149,12.2928524353,109.156638134,12.2955367378,0,0,0,70,0,70,0,0
1997,0,0,0,0,109.154183544,12.2946773588,0,0,0,0,0,70
1997,109.150372296,12.2906890298,109.152337149,12.2928524353,0,0,0,70,0,70,0,0
1998,0,0,0,0,109.151354281,12.2917711544,0,0,0,0,0,70
1968,109.147365089,12.2883542678,0,0,0,0,0,70,0,0,0,0
1999,0,0,109.148645144,12.2890155387,109.148013941,12.2886679663,0,0,0,70,0,70
2000,109.171325383,12.3048418454,109.170508301,12.3045779794,109.1709122,12.3047242237,0,70,0,70,0,70
2000,109.170508301,12.3045779794,0,0,0,0,0,70,0,0,0,0
2001,0,0,109.1696838,12.3041942669,109.170092632,12.3043935183,0,0,0,70,0,70
2001,109.1696838,12.3041942669,0,0,0,0,0,70,0,0,0,0
2002,0,0,109.168588945,12.3036201486,109.169133239,12.3039130499,0,0,0,70,0,70
2002,109.168588945,12.3036201486,0,0,0,0,0,70,0,0,0,0
2003,0,0,109.167944015,12.303133183,109.168258702,12.3033873533,0,0,0,70,0,70
2003,109.167944015,12.303133183,0,0,0,0,0,70,0,0,0,0
2004,0,0,109.165295663,12.30083671,109.166617717,12.301987393,0,0,0,70,0,70
2004,109.165295663,12.30083671,0,0,0,0,0,70,0,0,0,0
2005,0,0,109.164622409,12.3000490677,109.164946371,12.3004537647,0,0,0,70,0,70
2005,109.164622409,12.3000490677,0,0,0,0,0,70,0,0,0,0
2006,0,0,109.164302123,12.2996536124,109.164462266,12.29985134,0,0,0,70,0,70
2006,109.164302123,12.2996536124,0,0,0,0,0,70,0,0,0,0
2007,0,0,109.164082042,12.2993661601,109.164192082,12.2995098863,0,0,0,70,0,70
2007,109.164082042,12.2993661601,0,0,0,0,0,70,0,0,0,0
2008,0,0,109.160454332,12.2967612329,109.162567348,12.2976398514,0,0,0,70,0,70
2008,109.160454332,12.2967612329,0,0,0,0,0,70,0,0,0,0
1987,0,0,109.156619614,12.295611907,0,0,0,0,0,70,0,0
2009,0,0,0,0,109.158537965,12.2961832549,0,0,0,0,0,70
1987,109.156619614,12.295611907,0,0,0,0,0,70,0,0,0,0
2010,0,0,109.154052329,12.2947057767,109.155308801,12.295229231,0,0,0,70,0,70
2011,109.153811969,12.2945424116,109.153725056,12.294481101,109.153768512,12.2945117563,0,70,0,70,0,70
2011,109.153725056,12.294481101,0,0,0,0,0,70,0,0,0,0
2012,0,0,109.151086079,12.291606923,109.152397728,12.293051703,0,0,0,70,0,70
2012,109.151086079,12.291606923,0,0,0,0,0,70,0,0,0,0
2013,0,0,109.150879665,12.2913792395,109.150983711,12.2914923181,0,0,0,70,0,70
2013,109.150879665,12.2913792395,0,0,0,0,0,70,0,0,0,0
2014,0,0,109.150533089,12.2910047986,109.150706377,12.291192019,0,0,0,70,0,70
2014,109.150533089,12.2910047986,0,0,0,0,0,70,0,0,0,0
2015,0,0,109.150210624,12.2906452938,109.150371857,12.2908250462,0,0,0,70,0,70
2015,109.150210624,12.2906452938,0,0,0,0,0,70,0,0,0,0
2016,0,0,109.149977638,12.2903883971,109.150094131,12.2905168454,0,0,0,70,0,70
2016,109.149977638,12.2903883971,0,0,0,0,0,70,0,0,0,0
2017,0,0,109.149221441,12.2895852994,109.149604583,12.2899820206,0,0,0,70,0,70
2017,109.149221441,12.2895852994,0,0,0,0,0,70,0,0,0,0
2018,0,0,109.148681095,12.2891538936,109.148959624,12.2893591798,0,0,0,70,0,70
2018,109.148681095,12.2891538936,0,0,0,0,0,70,0,0,0,0
2019,0,0,109.14775801,12.2886304202,109.148227623,12.2888778295,0,0,0,70,0,70
2019,109.14775801,12.2886304202,0,0,0,0,0,70,0,0,0,0
2020,0,0,109.146970996,12.2882469582,109.147365236,12.2884371777,0,0,0,70,0,70
2020,109.146970996,12.2882469582,0,0,0,0,0,70,0,0,0,0
2021,0,0,109.14565036,12.2876189171,109.146310946,12.2879323747,0,0,0,70,0,70
2021,109.14565036,12.2876189171,0,0,0,0,0,70,0,0,0,0
1982,0,0,109.144834413,12.2872262126,0,0,0,0,0,70,0,0
2022,0,0,0,0,109.14524225,12.2874228496,0,0,0,0,0,70
2023,109.179856331,12.3067018603,109.175718034,12.3057488528,109.17780192,12.3061714011,0,70,0,70,0,70
2023,109.175718034,12.3057488528,0,0,0,0,0,70,0,0,0,0
2024,0,0,109.174342111,12.3054623383,109.175030194,12.3056050108,0,0,0,70,0,70
2024,109.174342111,12.3054623383,0,0,0,0,0,70,0,0,0,0
2025,0,0,109.172455256,12.3050875818,109.17339911,12.3052727944,0,0,0,70,0,70
2025,109.172455256,12.3050875818,0,0,0,0,0,70,0,0,0,0
2026,0,0,109.171691005,12.3049287258,109.172072963,12.3050089088,0,0,0,70,0,70
2000,109.171325383,12.3048418454,0,0,0,0,0,70,0,0,0,0
1990,0,0,109.171351685,12.3047542228,0,0,0,0,0,70,0,0
2027,0,0,0,0,109.171338534,12.3047980341,0,0,0,0,0,70
1989,109.171709878,12.3048342192,0,0,0,0,0,70,0,0,0,0
2026,0,0,109.171691005,12.3049287258,0,0,0,0,0,70,0,0
2028,0,0,0,0,109.171700441,12.3048814725,0,0,0,0,0,70
1990,109.171351685,12.3047542228,0,0,0,0,0,70,0,0,0,0
1989,0,0,109.171709878,12.3048342192,0,0,0,0,0,70,0,0
2029,0,0,0,0,109.171530781,12.304794221,0,0,0,0,0,70
2026,109.171691005,12.3049287258,0,0,0,0,0,70,0,0,0,0
2000,0,0,109.171325383,12.3048418454,0,0,0,0,0,70,0,0
2030,0,0,0,0,109.171508194,12.3048852856,0,0,0,0,0,70
2006,109.164302123,12.2996536124,0,0,0,0,0,70,0,0,0,0
1992,0,0,109.164372036,12.2995919873,0,0,0,0,0,70,0,0
2031,0,0,0,0,109.164337079,12.2996227998,0,0,0,0,0,70
2363,109.194370664,12.3342332079,109.194454667,12.3342116687,109.194412666,12.3342224383,0,70,0,70,0,70
1988,109.181815429,12.308399019,109.181880047,12.3083300933,0,0,0,70,0,70,0,0
2364,0,0,0,0,109.181847738,12.3083645561,0,0,0,0,0,70
2365,109.181979128,12.3085648713,109.182041592,12.3084937917,109.18201036,12.3085293315,0,70,0,70,0,70
1988,109.181880047,12.3083300933,0,0,0,0,0,70,0,0,0,0
2365,0,0,109.182041592,12.3084937917,0,0,0,0,0,70,0,0
2366,0,0,0,0,109.181960819,12.3084119425,0,0,0,0,0,70
2365,109.181979128,12.3085648713,0,0,0,0,0,70,0,0,0,0
2364,0,0,109.181815429,12.308399019,0,0,0,0,0,70,0,0
2367,0,0,0,0,109.181897279,12.3084819451,0,0,0,0,0,70
2373,109.186448524,12.3097646081,109.186991314,12.3144967836,109.187321538,12.3119852843,0,70,0,70,0,70
2373,109.184109361,12.309387671,109.186448524,12.3097646081,0,0,0,70,0,70,0,0
2399,0,0,0,0,109.185314373,12.3094094325,0,0,0,0,0,70
2365,109.182041592,12.3084937917,0,0,0,0,0,70,0,0,0,0
2399,0,0,109.184109361,12.309387671,0,0,0,0,0,70,0,0
2400,0,0,0,0,109.183000302,12.3091120797,0,0,0,0,0,70
2373,109.186991314,12.3144967836,0,0,0,0,0,70,0,0,0,0
2401,0,0,109.187079625,12.3153109676,109.187015624,12.314906171,0,0,0,70,0,70
2402,109.194343435,12.3341513009,109.193893499,12.3328533277,109.194126721,12.3334994269,0,70,0,70,0,70
2402,109.193893499,12.3328533277,0,0,0,0,0,70,0,0,0,0
2403,0,0,109.19361442,12.3319353273,109.193741884,12.3323979102,0,0,0,70,0,70
2403,109.19361442,12.3319353273,0,0,0,0,0,70,0,0,0,0
2404,0,0,109.191519597,12.3255745029,109.192892966,12.3286420045,0,0,0,70,0,70
2404,109.191519597,12.3255745029,0,0,0,0,0,70,0,0,0,0
2405,0,0,109.191277627,12.3251264086,109.191398612,12.3253504558,0,0,0,70,0,70
2405,109.191277627,12.3251264086,0,0,0,0,0,70,0,0,0,0
2406,0,0,109.190726179,12.324158151,109.19101025,12.3246374915,0,0,0,70,0,70
2407,109.190603366,12.323966348,109.189534751,12.3226545233,109.190089696,12.3232943504,0,70,0,70,0,70
2407,109.189534751,12.3226545233,0,0,0,0,0,70,0,0,0,0
2408,0,0,109.188002181,12.3187135261,109.188414833,12.3208353244,0,0,0,70,0,70
2409,109.187971244,12.3185716182,109.187279615,12.3113281852,109.186950614,12.3150105402,0,70,0,70,0,70
2409,109.187279615,12.3113281852,0,0,0,0,0,70,0,0,0,0
2410,0,0,109.187262903,12.3111788789,109.187271259,12.3112535321,0,0,0,70,0,70
2410,109.187262903,12.3111788789,0,0,0,0,0,70,0,0,0,0
2365,0,0,109.181979128,12.3085648713,0,0,0,0,0,70,0,0
2411,0,0,0,0,109.184932209,12.309480672,0,0,0,0,0,70
2412,109.18801788,12.3183889474,109.188055302,12.3185519598,109.188037279,12.3184702993,0,70,0,70,0,70
2412,109.187921141,12.318020801,109.18801788,12.3183889474,0,0,0,70,0,70,0,0
2413,0,0,0,0,109.187973009,12.318203962,0,0,0,0,0,70
2413,109.187794279,12.317605762,109.187921141,12.318020801,0,0,0,70,0,70,0,0
2414,0,0,0,0,109.187858511,12.3178130367,0,0,0,0,0,70
2414,109.187675251,12.3172494276,109.187794279,12.317605762,0,0,0,70,0,70,0,0
2415,0,0,0,0,109.187734765,12.3174275948,0,0,0,0,0,70
2415,109.18746087,12.3166076311,109.187675251,12.3172494276,0,0,0,70,0,70,0,0
2416,0,0,0,0,109.18756806,12.3169285294,0,0,0,0,0,70
2401,109.187079625,12.3153109676,0,0,0,0,0,70,0,0,0,0
2416,0,0,109.18746087,12.3166076311,0,0,0,0,0,70,0,0
2417,0,0,0,0,109.187246938,12.3159658374,0,0,0,0,0,70
2418,109.19415398,12.3333382849,109.194424371,12.3341223736,109.194291122,12.3337296406,0,70,0,70,0,70
2418,109.193028768,12.3287880829,109.19415398,12.3333382849,0,0,0,70,0,70,0,0
2419,0,0,0,0,109.193501169,12.3310870342,0,0,0,0,0,70
2419,109.192819838,12.3280600559,109.193028768,12.3287880829,0,0,0,70,0,70,0,0
2420,0,0,0,0,109.19292484,12.3284239273,0,0,0,0,0,70
2420,109.190764517,12.3240646752,109.192819838,12.3280600559,0,0,0,70,0,70,0,0
2421,0,0,0,0,109.191856048,12.3260322588,0,0,0,0,0,70
2421,109.190211433,12.3232955715,109.190764517,12.3240646752,0,0,0,70,0,70,0,0
2422,0,0,0,0,109.190498433,12.3236726221,0,0,0,0,0,70
2423,109.188674538,12.3213283155,109.189596095,12.3226005094,109.189082462,12.3220019386,0,70,0,70,0,70
2423,109.18855291,12.321010256,109.188674538,12.3213283155,0,0,0,70,0,70,0,0
2424,0,0,0,0,109.188607329,12.3211718632,0,0,0,0,0,70
2424,109.188323871,12.3199647936,109.18855291,12.321010256,0,0,0,70,0,70,0,0
2425,0,0,0,0,109.188421558,12.3204914526,0,0,0,0,0,70
2425,109.188175069,12.3191465747,109.188323871,12.3199647936,0,0,0,70,0,70,0,0
2426,0,0,0,0,109.188248953,12.3195557788,0,0,0,0,0,70
2426,109.188086128,12.3186987182,109.188175069,12.3191465747,0,0,0,70,0,70,0,0
2427,0,0,0,0,109.188133062,12.3189221654,0,0,0,0,0,70
2409,109.187971244,12.3185716182,0,0,0,0,0,70,0,0,0,0
2412,0,0,109.188055302,12.3185519598,0,0,0,0,0,70,0,0
2428,0,0,0,0,109.188013273,12.318561789,0,0,0,0,0,70
2427,109.188086128,12.3186987182,0,0,0,0,0,70,0,0,0,0
2408,0,0,109.188002181,12.3187135261,0,0,0,0,0,70,0,0
2429,0,0,0,0,109.188044154,12.3187061221,0,0,0,0,0,70
2430,109.187987422,12.3186458285,109.188071643,12.3186297603,109.188029533,12.3186377944,0,70,0,70,0,70
2408,109.188002181,12.3187135261,0,0,0,0,0,70,0,0,0,0
2430,0,0,109.187987422,12.3186458285,0,0,0,0,0,70,0,0
2431,0,0,0,0,109.187994802,12.3186796773,0,0,0,0,0,70
2430,109.187987422,12.3186458285,0,0,0,0,0,70,0,0,0,0
2409,0,0,109.187971244,12.3185716182,0,0,0,0,0,70,0,0
2432,0,0,0,0,109.187979333,12.3186087233,0,0,0,0,0,70
2430,109.188071643,12.3186297603,0,0,0,0,0,70,0,0,0,0
2427,0,0,109.188086128,12.3186987182,0,0,0,0,0,70,0,0
2433,0,0,0,0,109.188078886,12.3186642392,0,0,0,0,0,70
2412,109.188055302,12.3185519598,0,0,0,0,0,70,0,0,0,0
2430,0,0,109.188071643,12.3186297603,0,0,0,0,0,70,0,0
2434,0,0,0,0,109.188063473,12.3185908601,0,0,0,0,0,70
2364,109.181815429,12.308399019,0,0,0,0,0,70,0,0,0,0
2023,0,0,109.179856331,12.3067018603,0,0,0,0,0,70,0,0
2435,0,0,0,0,109.180912012,12.3074572939,0,0,0,0,0,70
2573,109.19743949,12.3466989241,109.197343724,12.3466922547,109.197391607,12.3466955894,0,70,0,70,0,70
2574,109.197351012,12.3465246254,109.197450306,12.3465282727,109.197400659,12.3465264491,0,70,0,70,0,70
2575,109.196495374,12.3431166493,109.196418682,12.3431440134,109.196457028,12.3431303314,0,70,0,70,0,70
2576,109.196383906,12.3430485253,109.196461138,12.3430206981,109.196422522,12.3430346117,0,70,0,70,0,70
2577,109.196440757,12.343204627,109.196517794,12.3431774384,109.196479276,12.3431910327,0,70,0,70,0,70
2574,109.197351012,12.3465246254,0,0,0,0,0,70,0,0,0,0
2577,0,0,109.196440757,12.343204627,0,0,0,0,0,70,0,0
2578,0,0,0,0,109.197031113,12.3448331817,0,0,0,0,0,70
2574,109.197438471,12.3460698399,109.197450306,12.3465282727,0,0,0,70,0,70,0,0
2579,0,0,0,0,109.197455856,12.346298749,0,0,0,0,0,70
2577,109.196517794,12.3431774384,0,0,0,0,0,70,0,0,0,0
2580,0,0,109.197402874,12.3458383517,109.196985827,12.3445003838,0,0,0,70,0,70
2577,109.196440757,12.343204627,0,0,0,0,0,70,0,0,0,0
2575,0,0,109.196418682,12.3431440134,0,0,0,0,0,70,0,0
2581,0,0,0,0,109.19642972,12.3431743202,0,0,0,0,0,70
2575,109.196418682,12.3431440134,0,0,0,0,0,70,0,0,0,0
2576,0,0,109.196383906,12.3430485253,0,0,0,0,0,70,0,0
2582,0,0,0,0,109.196401294,12.3430962694,0,0,0,0,0,70
2576,109.196461138,12.3430206981,0,0,0,0,0,70,0,0,0,0
2575,0,0,109.196495374,12.3431166493,0,0,0,0,0,70,0,0
2583,0,0,0,0,109.196478256,12.3430686737,0,0,0,0,0,70
2575,109.196495374,12.3431166493,0,0,0,0,0,70,0,0,0,0
2577,0,0,109.196517794,12.3431774384,0,0,0,0,0,70,0,0
2584,0,0,0,0,109.196506584,12.3431470438,0,0,0,0,0,70
2576,109.195396309,12.3400104058,109.196461138,12.3430206981,0,0,0,70,0,70,0,0
2585,0,0,0,0,109.19593535,12.3415132235,0,0,0,0,0,70
2585,109.195158525,12.3391205004,109.195396309,12.3400104058,0,0,0,70,0,70,0,0
2586,0,0,0,0,109.19525872,12.3395704602,0,0,0,0,0,70
2586,109.195080449,12.3383540807,109.195158525,12.3391205004,0,0,0,70,0,70,0,0
2587,0,0,0,0,109.195107444,12.3387385283,0,0,0,0,0,70
2587,109.195043419,12.3375996989,109.195080449,12.3383540807,0,0,0,70,0,70,0,0
2588,0,0,0,0,109.195063432,12.3379768201,0,0,0,0,0,70
2576,109.196383906,12.3430485253,0,0,0,0,0,70,0,0,0,0
2589,0,0,109.195443101,12.3403635034,109.195915259,12.3417053519,0,0,0,70,0,70
2589,109.195443101,12.3403635034,0,0,0,0,0,70,0,0,0,0
2590,0,0,109.194961054,12.3376012975,109.195059293,12.3390086861,0,0,0,70,0,70
2588,109.195039956,12.3375344433,109.195043419,12.3375996989,0,0,0,70,0,70,0,0
2591,0,0,0,0,109.195041688,12.3375670711,0,0,0,0,0,70
2591,109.195034142,12.337424887,109.195039956,12.3375344433,0,0,0,70,0,70,0,0
2592,0,0,0,0,109.195037049,12.3374796652,0,0,0,0,0,70
2590,109.194961054,12.3376012975,0,0,0,0,0,70,0,0,0,0
2593,0,0,109.194957506,12.3375387372,109.19495928,12.3375700174,0,0,0,70,0,70
2593,109.194957506,12.3375387372,0,0,0,0,0,70,0,0,0,0
2594,0,0,109.194951143,12.3374265287,109.194954324,12.337482633,0,0,0,70,0,70
2591,109.195039956,12.3375344433,0,0,0,0,0,70,0,0,0,0
2593,0,0,109.194957506,12.3375387372,0,0,0,0,0,70,0,0
2595,0,0,0,0,109.194998731,12.3375365903,0,0,0,0,0,70
2590,109.194961054,12.3376012975,0,0,0,0,0,70,0,0,0,0
2588,0,0,109.195043419,12.3375996989,0,0,0,0,0,70,0,0
2596,0,0,0,0,109.195002237,12.3376004982,0,0,0,0,0,70
2594,109.194951143,12.3374265287,0,0,0,0,0,70,0,0,0,0
2592,0,0,109.195034142,12.337424887,0,0,0,0,0,70,0,0
2597,0,0,0,0,109.194992642,12.3374257078,0,0,0,0,0,70
2592,109.194972134,12.3361286947,109.195034142,12.337424887,0,0,0,70,0,70,0,0
2598,0,0,0,0,109.195005933,12.3367766365,0,0,0,0,0,70
2598,109.194737745,12.3350625665,109.194972134,12.3361286947,0,0,0,70,0,70,0,0
2599,0,0,0,0,109.194886087,12.3355892284,0,0,0,0,0,70
2599,109.194485133,12.3343018217,109.194737745,12.3350625665,0,0,0,70,0,70,0,0
2600,0,0,0,0,109.194613448,12.334681534,0,0,0,0,0,70
2594,109.194951143,12.3374265287,0,0,0,0,0,70,0,0,0,0
2601,0,0,109.194798674,12.3355762469,109.194919425,12.3364966563,0,0,0,70,0,70
2601,109.194798674,12.3355762469,0,0,0,0,0,70,0,0,0,0
2602,0,0,109.194402356,12.3343279654,109.194609685,12.3349493793,0,0,0,70,0,70
2363,109.194454667,12.3342116687,0,0,0,0,0,70,0,0,0,0
2600,0,0,109.194485133,12.3343018217,0,0,0,0,0,70,0,0
2603,0,0,0,0,109.1944699,12.3342567452,0,0,0,0,0,70
2602,109.194402356,12.3343279654,0,0,0,0,0,70,0,0,0,0
2363,0,0,109.194370664,12.3342332079,0,0,0,0,0,70,0,0
2604,0,0,0,0,109.19438651,12.3342805867,0,0,0,0,0,70
2363,109.194370664,12.3342332079,0,0,0,0,0,70,0,0,0,0
2402,0,0,109.194343435,12.3341513009,0,0,0,0,0,70,0,0
2605,0,0,0,0,109.19435705,12.3341922544,0,0,0,0,0,70
2418,109.194424371,12.3341223736,0,0,0,0,0,70,0,0,0,0
2363,0,0,109.194454667,12.3342116687,0,0,0,0,0,70,0,0
2606,0,0,0,0,109.194439519,12.3341670212,0,0,0,0,0,70
2418,109.194424371,12.3341223736,0,0,0,0,0,70,0,0,0,0
2402,0,0,109.194343435,12.3341513009,0,0,0,0,0,70,0,0
2607,0,0,0,0,109.194383903,12.3341368373,0,0,0,0,0,70
2600,109.194485133,12.3343018217,0,0,0,0,0,70,0,0,0,0
2602,0,0,109.194402356,12.3343279654,0,0,0,0,0,70,0,0
2608,0,0,0,0,109.194443744,12.3343148936,0,0,0,0,0,70
2574,109.197450306,12.3465282727,0,0,0,0,0,70,0,0,0,0
2573,0,0,109.19743949,12.3466989241,0,0,0,0,0,70,0,0
2609,0,0,0,0,109.197444898,12.3466135984,0,0,0,0,0,70
2573,109.197343724,12.3466922547,0,0,0,0,0,70,0,0,0,0
2574,0,0,109.197351012,12.3465246254,0,0,0,0,0,70,0,0
2610,0,0,0,0,109.197347368,12.3466084401,0,0,0,0,0,70
2612,109.197397777,12.3470908044,109.197690437,12.3509465628,109.197183354,12.3490424515,0,70,0,70,0,70
2573,109.19743949,12.3466989241,0,0,0,0,0,70,0,0,0,0
2612,0,0,109.197397777,12.3470908044,0,0,0,0,0,70,0,0
2613,0,0,0,0,109.197418633,12.3468948643,0,0,0,0,0,70
2573,109.197608628,12.3509747225,109.197343724,12.3466922547,0,0,0,70,0,70,0,0
2614,0,0,0,0,109.197086206,12.3488567158,0,0,0,0,0,70
2615,109.197625518,12.3510319896,109.197708937,12.3510051473,109.197667227,12.3510185684,0,70,0,70,0,70
2616,109.197729875,12.3510714522,109.197647246,12.3511000604,109.197688561,12.3510857563,0,70,0,70,0,70
2612,109.197690437,12.3509465628,0,0,0,0,0,70,0,0,0,0
2614,0,0,109.197608628,12.3509747225,0,0,0,0,0,70,0,0
2617,0,0,0,0,109.197649532,12.3509606427,0,0,0,0,0,70
2615,109.197708937,12.3510051473,0,0,0,0,0,70,0,0,0,0
2616,0,0,109.197729875,12.3510714522,0,0,0,0,0,70,0,0
2618,0,0,0,0,109.197719406,12.3510382998,0,0,0,0,0,70
2612,109.197690437,12.3509465628,0,0,0,0,0,70,0,0,0,0
2615,0,0,109.197708937,12.3510051473,0,0,0,0,0,70,0,0
2619,0,0,0,0,109.197699687,12.350975855,0,0,0,0,0,70
2616,109.197647246,12.3511000604,0,0,0,0,0,70,0,0,0,0
2615,0,0,109.197625518,12.3510319896,0,0,0,0,0,70,0,0
2620,0,0,0,0,109.197636382,12.351066025,0,0,0,0,0,70
2615,109.197625518,12.3510319896,0,0,0,0,0,70,0,0,0,0
2614,0,0,109.197608628,12.3509747225,0,0,0,0,0,70,0,0
2621,0,0,0,0,109.197617073,12.351003356,0,0,0,0,0,70
2622,109.196180146,12.3762498598,109.196039238,12.3772775626,109.196093715,12.3767616315,0,70,0,70,0,70
2622,109.196214789,12.3719904911,109.196180146,12.3762498598,0,0,0,70,0,70,0,0
2623,0,0,0,0,109.196456841,12.3741213721,0,0,0,0,0,70
2623,109.195677067,12.3702587103,109.196214789,12.3719904911,0,0,0,70,0,70,0,0
2624,0,0,0,0,109.1959687,12.3711180326,0,0,0,0,0,70
2624,109.195145671,12.3686218216,109.195677067,12.3702587103,0,0,0,70,0,70,0,0
2625,0,0,0,0,109.195401703,12.3694432863,0,0,0,0,0,70
2625,109.195080828,12.368389336,109.195145671,12.3686218216,0,0,0,70,0,70,0,0
2626,0,0,0,0,109.19511325,12.3685055788,0,0,0,0,0,70
2626,109.195129856,12.3645556952,109.195080828,12.368389336,0,0,0,70,0,70,0,0
2627,0,0,0,0,109.195028957,12.3664748625,0,0,0,0,0,70
2627,109.195135813,12.3642836285,109.195129856,12.3645556952,0,0,0,70,0,70,0,0
2628,0,0,0,0,109.195132835,12.3644196618,0,0,0,0,0,70
2629,109.194993844,12.3683972436,109.194909933,12.3678273398,109.194940622,12.368113917,0,70,0,70,0,70
2629,109.194909933,12.3678273398,0,0,0,0,0,70,0,0,0,0
2630,0,0,109.194997007,12.3653670226,109.194916654,12.3665962984,0,0,0,70,0,70
2630,109.194997007,12.3653670226,0,0,0,0,0,70,0,0,0,0
2631,0,0,109.195048745,12.3642833652,109.195024417,12.3648252664,0,0,0,70,0,70
2632,109.195054134,12.364108224,109.195113886,12.3625307213,109.195078941,12.3633192761,0,70,0,70,0,70
2632,109.195113886,12.3625307213,0,0,0,0,0,70,0,0,0,0
2633,0,0,109.19519628,12.3610541767,109.195152177,12.3617922857,0,0,0,70,0,70
2633,109.19519628,12.3610541767,0,0,0,0,0,70,0,0,0,0
2616,0,0,109.197647246,12.3511000604,0,0,0,0,0,70,0,0
2634,0,0,0,0,109.198362427,12.3566019435,0,0,0,0,0,70
2635,109.195158323,12.363464436,109.195139657,12.364108093,109.195146706,12.3637861913,0,70,0,70,0,70
2616,109.197729875,12.3510714522,0,0,0,0,0,70,0,0,0,0
2635,0,0,109.195158323,12.363464436,0,0,0,0,0,70,0,0
2636,0,0,0,0,109.197723755,12.3575448968,0,0,0,0,0,70
2637,109.195136993,12.3642297436,109.195050499,12.364226338,109.195093746,12.3642280408,0,70,0,70,0,70
2632,109.195054134,12.364108224,0,0,0,0,0,70,0,0,0,0
2635,0,0,109.195139657,12.364108093,0,0,0,0,0,70,0,0
2638,0,0,0,0,109.195096895,12.3641081585,0,0,0,0,0,70
2631,109.195048745,12.3642833652,0,0,0,0,0,70,0,0,0,0
2628,0,0,109.195135813,12.3642836285,0,0,0,0,0,70,0,0
2639,0,0,0,0,109.195092279,12.3642834969,0,0,0,0,0,70
2631,109.195048745,12.3642833652,0,0,0,0,0,70,0,0,0,0
2637,0,0,109.195050499,12.364226338,0,0,0,0,0,70,0,0
2640,0,0,0,0,109.195049622,12.3642548516,0,0,0,0,0,70
2637,109.195050499,12.364226338,0,0,0,0,0,70,0,0,0,0
2632,0,0,109.195054134,12.364108224,0,0,0,0,0,70,0,0
2641,0,0,0,0,109.195052316,12.364167281,0,0,0,0,0,70
2637,109.195136993,12.3642297436,0,0,0,0,0,70,0,0,0,0
2628,0,0,109.195135813,12.3642836285,0,0,0,0,0,70,0,0
2642,0,0,0,0,109.195136403,12.364256686,0,0,0,0,0,70
2635,109.195139657,12.364108093,0,0,0,0,0,70,0,0,0,0
2637,0,0,109.195136993,12.3642297436,0,0,0,0,0,70,0,0
2643,0,0,0,0,109.195138325,12.3641689183,0,0,0,0,0,70
1960,109.137138627,12.2834855153,109.138748958,12.2842068898,0,0,0,70,0,70,0,0
2656,0,0,0,0,109.13794678,12.2838395536,0,0,0,0,0,70
2737,109.166402592,12.4014044404,109.15879092,12.4052354675,109.16222207,12.4026583908,0,70,0,70,0,70
2737,109.169812084,12.4003968787,109.166402592,12.4014044404,0,0,0,70,0,70,0,0
2738,0,0,0,0,109.168107448,12.400901056,0,0,0,0,0,70
2738,109.170691115,12.4001355004,109.169812084,12.4003968787,0,0,0,70,0,70,0,0
2739,0,0,0,0,109.1702516,12.4002661896,0,0,0,0,0,70
2739,109.171275778,12.3999627993,109.170691115,12.4001355004,0,0,0,70,0,70,0,0
2740,0,0,0,0,109.170983435,12.4000491103,0,0,0,0,0,70
2740,109.173948512,12.3988514618,109.171275778,12.3999627993,0,0,0,70,0,70,0,0
2741,0,0,0,0,109.17266191,12.3995232288,0,0,0,0,0,70
2741,109.174850172,12.398239893,109.173948512,12.3988514618,0,0,0,70,0,70,0,0
2742,0,0,0,0,109.174401912,12.3985495155,0,0,0,0,0,70
2742,109.175144332,12.3980385349,109.174850172,12.398239893,0,0,0,70,0,70,0,0
2743,0,0,0,0,109.174997142,12.3981390545,0,0,0,0,0,70
2743,109.176453114,12.397147658,109.175144332,12.3980385349,0,0,0,70,0,70,0,0
2744,0,0,0,0,109.175798235,12.3975923795,0,0,0,0,0,70
2744,109.182256328,12.3932958346,109.176453114,12.397147658,0,0,0,70,0,70,0,0
2745,0,0,0,0,109.179338483,12.3951972755,0,0,0,0,0,70
2745,109.184215109,12.3920250481,109.182256328,12.3932958346,0,0,0,70,0,70,0,0
2746,0,0,0,0,109.183235357,12.3926598841,0,0,0,0,0,70
2746,109.18500581,12.3915312968,109.184215109,12.3920250481,0,0,0,70,0,70,0,0
2747,0,0,0,0,109.184610161,12.3917777028,0,0,0,0,0,70
2747,109.188439883,12.389485525,109.18500581,12.3915312968,0,0,0,70,0,70,0,0
2748,0,0,0,0,109.186725925,12.3905137076,0,0,0,0,0,70
2748,109.188830505,12.3892463686,109.188439883,12.389485525,0,0,0,70,0,70,0,0
2749,0,0,0,0,109.188635194,12.3893659468,0,0,0,0,0,70
2749,109.194727931,12.3847223741,109.188830505,12.3892463686,0,0,0,70,0,70,0,0
2750,0,0,0,0,109.191947235,12.3872043352,0,0,0,0,0,70
2750,109.196888883,12.3813652339,109.194727931,12.3847223741,0,0,0,70,0,70,0,0
2751,0,0,0,0,109.196196553,12.3832722076,0,0,0,0,0,70
2751,109.196646296,12.3800839122,109.196888883,12.3813652339,0,0,0,70,0,70,0,0
2752,0,0,0,0,109.196820363,12.3807153157,0,0,0,0,0,70
2752,109.196275581,12.3790403185,109.196646296,12.3800839122,0,0,0,70,0,70,0,0
2753,0,0,0,0,109.196458926,12.3795628039,0,0,0,0,0,70
2753,109.196085017,12.3782341829,109.196275581,12.3790403185,0,0,0,70,0,70,0,0
2754,0,0,0,0,109.196165812,12.3786407178,0,0,0,0,0,70
2622,109.196039238,12.3772775626,0,0,0,0,0,70,0,0,0,0
2754,0,0,109.196085017,12.3782341829,0,0,0,0,0,70,0,0
2755,0,0,0,0,109.196036398,12.3777570705,0,0,0,0,0,70
2758,109.1212921,12.458085562,109.121005098,12.4567362297,109.121150143,12.457410568,0,70,0,70,0,70
2758,109.121005098,12.4567362297,0,0,0,0,0,70,0,0,0,0
2759,0,0,109.119973666,12.4535595598,109.120609762,12.4551089465,0,0,0,70,0,70
2759,109.119973666,12.4535595598,0,0,0,0,0,70,0,0,0,0
2760,0,0,109.11847988,12.449355765,109.119056401,12.4515030254,0,0,0,70,0,70
2761,109.119715604,12.4528058741,109.121385497,12.4580707395,109.120769804,12.4553674336,0,70,0,70,0,70
2761,109.119296117,12.4518517755,109.119715604,12.4528058741,0,0,0,70,0,70,0,0
2762,0,0,0,0,109.119500001,12.4523313583,0,0,0,0,0,70
2762,109.118574741,12.4493656523,109.119296117,12.4518517755,0,0,0,70,0,70,0,0
2763,0,0,0,0,109.118777546,12.4506477092,0,0,0,0,0,70
2768,109.14510018,12.423260897,109.147711855,12.4199951494,109.146195359,12.4214512146,0,70,0,70,0,70
2768,109.147711855,12.4199951494,0,0,0,0,0,70,0,0,0,0
2769,0,0,109.150256422,12.4161451737,109.14942504,12.4183647585,0,0,0,70,0,70
2770,109.145523359,12.4227336831,109.145204886,12.4232989868,109.145367237,12.4230181037,0,70,0,70,0,70
2770,109.146725373,12.4209066398,109.145523359,12.4227336831,0,0,0,70,0,70,0,0
2771,0,0,0,0,109.146079194,12.4217878106,0,0,0,0,0,70
2771,109.147887585,12.4199577021,109.146725373,12.4209066398,0,0,0,70,0,70,0,0
2772,0,0,0,0,109.147298085,12.4204222752,0,0,0,0,0,70
2772,109.15033303,12.4161674253,109.147887585,12.4199577021,0,0,0,70,0,70,0,0
2773,0,0,0,0,109.149538279,12.4183434818,0,0,0,0,0,70
2778,109.153268759,12.4111528527,109.157640599,12.4063760172,109.155454663,12.4087644202,0,70,0,70,0,70
2778,109.157640599,12.4063760172,0,0,0,0,0,70,0,0,0,0
2779,0,0,109.158523354,12.4054075224,109.158081975,12.4058917632,0,0,0,70,0,70
2780,109.156137213,12.4081473875,109.153339491,12.4112152307,109.154720337,12.4096649921,0,70,0,70,0,70
2780,109.157700029,12.4064307074,109.156137213,12.4081473875,0,0,0,70,0,70,0,0
2781,0,0,0,0,109.156918966,12.4072893695,0,0,0,0,0,70
2781,109.158589098,12.4054569399,109.157700029,12.4064307074,0,0,0,70,0,70,0,0
2782,0,0,0,0,109.158144992,12.4059442148,0,0,0,0,0,70
2785,109.158730852,12.4051726616,109.158978874,12.4048973666,109.158853535,12.4050338008,0,70,0,70,0,70
2785,109.158978874,12.4048973666,0,0,0,0,0,70,0,0,0,0
2786,0,0,109.166382015,12.4013303739,109.162360247,12.4025366655,0,0,0,70,0,70
2786,109.166382015,12.4013303739,0,0,0,0,0,70,0,0,0,0
2787,0,0,109.168817814,12.4006126334,109.167598872,12.4009679508,0,0,0,70,0,70
2787,109.168817814,12.4006126334,0,0,0,0,0,70,0,0,0,0
2788,0,0,109.170384729,12.4001460584,109.169601608,12.4003804953,0,0,0,70,0,70
2788,109.170384729,12.4001460584,0,0,0,0,0,70,0,0,0,0
2789,0,0,109.171042673,12.3999502565,109.170713701,12.4000481575,0,0,0,70,0,70
2789,109.171042673,12.3999502565,0,0,0,0,0,70,0,0,0,0
2790,0,0,109.171874364,12.3997046952,109.171458411,12.3998271119,0,0,0,70,0,70
2790,109.171874364,12.3997046952,0,0,0,0,0,70,0,0,0,0
2791,0,0,109.174796948,12.3981849894,109.173410062,12.399090422,0,0,0,70,0,70
2791,109.174796948,12.3981849894,0,0,0,0,0,70,0,0,0,0
2792,0,0,109.176415781,12.3970870106,109.175606137,12.3976356652,0,0,0,70,0,70
2792,109.176415781,12.3970870106,0,0,0,0,0,70,0,0,0,0
2793,0,0,109.177213703,12.3965431016,109.176815159,12.396815668,0,0,0,70,0,70
2793,109.177213703,12.3965431016,0,0,0,0,0,70,0,0,0,0
2794,0,0,109.178090483,12.3959426137,109.177651854,12.3962425092,0,0,0,70,0,70
2794,109.178090483,12.3959426137,0,0,0,0,0,70,0,0,0,0
2795,0,0,109.184152705,12.3919699779,109.181114862,12.3939461227,0,0,0,70,0,70
2795,109.184152705,12.3919699779,0,0,0,0,0,70,0,0,0,0
2796,0,0,109.184880351,12.3915133424,109.184516528,12.3917416601,0,0,0,70,0,70
2796,109.184880351,12.3915133424,0,0,0,0,0,70,0,0,0,0
2797,0,0,109.187571073,12.3899217341,109.186221924,12.3907111867,0,0,0,70,0,70
2797,109.187571073,12.3899217341,0,0,0,0,0,70,0,0,0,0
2798,0,0,109.188791021,12.3891782298,109.188180056,12.3895483531,0,0,0,70,0,70
2798,109.188791021,12.3891782298,0,0,0,0,0,70,0,0,0,0
2799,0,0,109.191568708,12.3873892689,109.190204136,12.3883208718,0,0,0,70,0,70
2799,109.191568708,12.3873892689,0,0,0,0,0,70,0,0,0,0
2800,0,0,109.193370166,12.3858810553,109.192500257,12.3866720323,0,0,0,70,0,70
2800,109.193370166,12.3858810553,0,0,0,0,0,70,0,0,0,0
2801,0,0,109.19477569,12.3845700589,109.194073841,12.3852265339,0,0,0,70,0,70
2801,109.19477569,12.3845700589,0,0,0,0,0,70,0,0,0,0
2802,0,0,109.196573966,12.3801090352,109.196506421,12.3826415866,0,0,0,70,0,70
2802,109.196573966,12.3801090352,0,0,0,0,0,70,0,0,0,0
2803,0,0,109.196025928,12.3783428153,109.196263929,12.3792363911,0,0,0,70,0,70
2803,109.196025928,12.3783428153,0,0,0,0,0,70,0,0,0,0
2629,0,0,109.194993844,12.3683972436,0,0,0,0,0,70,0,0
2804,0,0,0,0,109.196354875,12.3732898249,0,0,0,0,0,70
2802,109.196573966,12.3801090352,0,0,0,0,0,70,0,0,0,0
2752,0,0,109.196646296,12.3800839122,0,0,0,0,0,70,0,0
2805,0,0,0,0,109.196610131,12.3800964737,0,0,0,0,0,70
2749,109.188830505,12.3892463686,0,0,0,0,0,70,0,0,0,0
2798,0,0,109.188791021,12.3891782298,0,0,0,0,0,70,0,0
2806,0,0,0,0,109.188810763,12.3892122992,0,0,0,0,0,70
2744,109.176453114,12.397147658,0,0,0,0,0,70,0,0,0,0
2792,0,0,109.176415781,12.3970870106,0,0,0,0,0,70,0,0
2807,0,0,0,0,109.176434447,12.3971173343,0,0,0,0,0,70
2786,109.166382015,12.4013303739,0,0,0,0,0,70,0,0,0,0
2737,0,0,109.166402592,12.4014044404,0,0,0,0,0,70,0,0
2808,0,0,0,0,109.166392303,12.4013674071,0,0,0,0,0,70
2778,109.157640599,12.4063760172,0,0,0,0,0,70,0,0,0,0
2781,0,0,109.157700029,12.4064307074,0,0,0,0,0,70,0,0
2809,0,0,0,0,109.157670314,12.4064033623,0,0,0,0,0,70
2810,109.151687598,12.4128999594,109.151747407,12.4129517053,109.151717502,12.4129258324,0,70,0,70,0,70
2811,109.151619996,12.4129808249,109.151678711,12.4130318512,109.151649353,12.4130063381,0,70,0,70,0,70
2812,109.151757771,12.4128160184,109.151820135,12.4128668566,109.151788953,12.4128414375,0,70,0,70,0,70
2812,109.151757771,12.4128160184,0,0,0,0,0,70,0,0,0,0
2813,0,0,109.15302228,12.4114304271,109.152386695,12.4121202588,0,0,0,70,0,70
2812,109.153100634,12.4114874566,109.151820135,12.4128668566,0,0,0,70,0,70,0,0
2814,0,0,0,0,109.152447144,12.4121649148,0,0,0,0,0,70
2811,109.151678711,12.4130318512,0,0,0,0,0,70,0,0,0,0
2815,0,0,109.150793613,12.4146618196,109.151137916,12.4137935788,0,0,0,70,0,70
2811,109.150716122,12.4146127748,109.151619996,12.4129808249,0,0,0,70,0,70,0,0
2816,0,0,0,0,109.151068842,12.4137418395,0,0,0,0,0,70
2810,109.151747407,12.4129517053,0,0,0,0,0,70,0,0,0,0
2811,0,0,109.151678711,12.4130318512,0,0,0,0,0,70,0,0
2817,0,0,0,0,109.151713059,12.4129917783,0,0,0,0,0,70
2812,109.151820135,12.4128668566,0,0,0,0,0,70,0,0,0,0
2810,0,0,109.151747407,12.4129517053,0,0,0,0,0,70,0,0
2818,0,0,0,0,109.151783771,12.412909281,0,0,0,0,0,70
2811,109.151619996,12.4129808249,0,0,0,0,0,70,0,0,0,0
2810,0,0,109.151687598,12.4128999594,0,0,0,0,0,70,0,0
2819,0,0,0,0,109.151653797,12.4129403922,0,0,0,0,0,70
2810,109.151687598,12.4128999594,0,0,0,0,0,70,0,0,0,0
2812,0,0,109.151757771,12.4128160184,0,0,0,0,0,70,0,0
2820,0,0,0,0,109.151722684,12.4128579889,0,0,0,0,0,70
2821,109.139431269,12.425105094,109.139435895,12.4250308484,109.139433582,12.4250679712,0,70,0,70,0,70
2822,109.13916958,12.4251000507,109.139172318,12.4250234661,109.139170949,12.4250617584,0,70,0,70,0,70
2821,109.139435895,12.4250308484,0,0,0,0,0,70,0,0,0,0
2823,0,0,109.144550821,12.4239887487,109.142096512,12.4249600907,0,0,0,70,0,70
2821,109.144811446,12.4239041684,109.139431269,12.425105094,0,0,0,70,0,70,0,0
2824,0,0,0,0,109.142250754,12.4250043024,0,0,0,0,0,70
2822,109.139172318,12.4250234661,0,0,0,0,0,70,0,0,0,0
2821,0,0,109.139435895,12.4250308484,0,0,0,0,0,70,0,0
2825,0,0,0,0,109.139304121,12.4250265581,0,0,0,0,0,70
2821,109.139431269,12.425105094,0,0,0,0,0,70,0,0,0,0
2822,0,0,109.13916958,12.4251000507,0,0,0,0,0,70,0,0
2826,0,0,0,0,109.139300425,12.4251025724,0,0,0,0,0,70
2827,109.133332973,12.4265507912,109.133383278,12.4266067604,109.133358125,12.4265787758,0,70,0,70,0,70
2828,109.133250021,12.4266243163,109.133298038,12.4266792057,109.13327403,12.426651761,0,70,0,70,0,70
2829,109.133433399,12.4264617772,109.133486364,12.4265205736,109.133459881,12.4264911754,0,70,0,70,0,70
2822,109.13916958,12.4251000507,0,0,0,0,0,70,0,0,0,0
2829,0,0,109.133486364,12.4265205736,0,0,0,0,0,70,0,0
2830,0,0,0,0,109.136168717,12.425219808,0,0,0,0,0,70
2829,109.133433399,12.4264617772,0,0,0,0,0,70,0,0,0,0
2831,0,0,109.13581846,12.4252282861,109.134560728,12.4257188278,0,0,0,70,0,70